520302
884026
1076648
1524252
1542671
1619880
1681774
1784050
2363194
2417868
2716996
2734803
2921591
3698349
4117342
4477629
4530420
5147440
6479891
6825727
6833171
7121660
7287081
7673155
8281754
8526473
8637450
9823409
10658765
11929321
12252847
12294728
12419115
12570075
12627087
13028504
14657845
14879227
14915692
14933651
15931674
16084773
16193684
16326185
16459675
16933594
17062802
17300845
17394077
17617921
19892990
20635368
20827110
20831049
21400624
21676450
21710140
21954300
22070684
22999123
23206630
23216334
23273408
23524845
23806327
24467841
24595776
24678132
25159454
25393052
25900960
26523187
27103096
27961313
29287586
29439370
29489065
29590385
30174414
30200339
31690778
32068971
32470448
33039680
33473776
33496563
34003142
34046353
34707399
36110489
36577849
37346585
37397850
37711487
37928226
37933450
38266183
38380827
39138018
39337882
40248587
41826782
41886226
42446297
42631068
43644413
43655956
46510100
46941354
47182306
47185596
48072175
48121576
48830893
48880774
49261909
49425414
49662989
49846768
49904739
49955317
50260786
50419915
50430144
51557133
51661746
51840351
52013271
52604384
52836017
54634725
54875554
55220219
55225684
55313609
55579611
55766430
56119303
56169778
56442001
56858874
57904287
58071386
58915861
59294075
59600241
59697334
60426495
60881188
61400857
61426212
61817437
62530692
62961618
63144810
63344126
63558078
63994838
64382622
64585005
65331660
65338961
65378720
65634807
66377711
66752260
66936255
67647968
68281931
69914174
70077718
70238418
71116490
71724325
72177394
72780871
72868227
73061777
73208457
73249474
73404904
74261229
74425477
74484548
74625499
74666327
75015750
75213993
75599189
75780646
75802842
76049298
76312261
76326933
77466012
77467921
77968007
78446049
78748662
78934343
80188772
80282473
80653925
81877921
81914416
83395945
83648626
83745725
83965723
85004390
85124623
86033387
87578633
87828047
87853461
87857400
88412527
88648561
88761827
88774961
89510761
89514261
89693411
90763267
91172456
92571722
92597034
93818263
95346693
96074882
96274175
97356387
97777844
97827775
97851697
98030644
98061478
98331277
98386374
99000264
99681879
100069756
100288860
100347140
100371642
100742951
101658214
101851692
101946173
102205539
102340422
102712750
103554740
104122293
104611071
104810818
104830782
106119532
106562802
107164930
107605724
107842670
107985673
108874270
108934642
109029723
109253984
109288004
109574624
109798351
109950112
110183965
110696672
111241151
111352703
111458878
111745960
111977483
112581320
113022691
113023086
113050040
113112189
113363432
113891285
114378683
114555109
114578617
115034279
115612386
115939670
116092664
116204890
116903958
117182847
117492501
117783176
118035621
118080780
118137333
118296785
118311233
118711240
118867506
119231498
119488352
119587245
119662159
119731610
119841774
120132962
120211736
120600862
120684395
120948216
121315219
121551843
121552556
122227748
122258128
122563579
122630689
122709259
122739866
123007596
123134418
123645731
123765347
124303695
125270804
125811170
125876111
125930152
126009265
126036167
126085192
126460414
126547738
126556803
127411198
128019565
128717482
128997219
129739404
130292198
130435229
130597665
130755856
130824090
130872163
130913247
131386084
131481822
131965886
132297627
133367354
134121383
134469614
134821435
135061987
135129483
135378967
135382182
135462106
135654555
135970919
136188204
136271759
136476742
136729536
136884715
137044305
137616367
138029089
138248060
138386354
138394622
139335546
139543537
139562842
139657620
139768075
139810844
139832027
140484794
140962456
141171693
141242875
141474138
141476429
141986230
142481049
143339615
143650141
144014878
144021876
144058617
144140343
144522083
144667420
144849878
144850287
145481896
145795823
145796593
146203490
146304969
147275835
147496539
147793236
148118021
148133232
148201532
148225276
148435151
148783077
148843145
149535688
149551825
149643919
150196078
150363818
151015537
151527180
151541948
152753983
153666699
153843355
154184932
155150967
156550460
156563723
157130981
157675929
158922813
159466813
159915167
160634845
160821413
160862213
162913743
163685921
163812612
164184241
164643203
164688625
164984382
165658246
166924724
167091866
167345243
167887876
168022987
168194603
168761777
169445557
169538245
169634979
169858595
169983497
170030659
170834653
170852102
170882421
172020265
172054472
172420781
172551518
172752281
172781977
172864752
172875384
172983094
173074069
173810860
174420436
175036570
175045614
175480941
175760304
175784775
176041772
176403892
176437269
176451937
176811460
176983805
177042530
177073446
177097611
177200062
177741898
177895789
177967064
178765963
178836793
178946046
179223404
179876043
180389870
180406392
180564843
180813553
180841572
180963751
180979525
181567150
181784930
181998201
182004051
182052821
182175111
182409992
182895813
183123313
183236550
183366103
183646145
184052936
184830976
185022924
185085436
185306912
185521879
185931821
185990284
186761983
187300092
187607319
187860716
188180096
188614718
189142286
189373654
189886619
190662546
191019422
191028116
191285685
191347629
192486508
192616042
192701628
192722525
192912273
193082802
193128343
193189455
193456673
193900138
194148107
194500689
194733009
195535021
196715957
196905157
197513200
197653322
197742448
197883940
198381830
198938806
199946561
200113883
200207292
200459964
200542418
200600845
201063050
201208510
201282122
201516104
201815773
201851775
202127838
202852231
203020176
203025739
203394017
203403179
203775037
204298007
204935632
205977661
206105561
206295601
206324252
206806150
207001365
207252003
208309567
208770443
208943963
209603474
210857362
210922139
210922312
211438832
212268621
212384653
212402529
212420001
212718851
213390260
213972306
214172222
214412368
214723096
215018002
216542776
216618796
219611058
220459383
220850067
220992885
221144130
221361261
221737446
221931775
223078131
223968672
224442855
225236984
225738978
225799526
225949649
226125862
226827697
227056595
227118955
227676822
227884223
228346996
228379887
229006210
229224873
229685616
230298553
230371393
231704337
231852213
231962914
231997510
232235643
232272367
232402963
233495236
233636056
233642870
234070730
234283473
234536051
236721300
236861388
237589017
237620743
237698157
238222976
238477969
239737717
240027115
240293785
242513329
243030722
243164981
243315016
243553644
243694354
243940497
244137821
245707602
246142734
246694480
247064600
247070558
247823939
247942988
248089660
248209559
248257677
248699712
248914463
249044341
249414829
249927997
250020616
250385160
250870921
251419135
251877847
253053084
253075950
253275417
253309667
254293214
254454816
254817544
254825727
255206065
255437401
255648058
256007876
256103050
256209445
256472515
256574951
256929307
257341621
257673692
257791596
258073318
258221018
258915328
260001737
260264462
260301795
260554649
260952430
261003580
261092305
261434139
261692029
261947501
262436321
262515546
264327592
264631193
264947784
265098184
265435376
265534414
265835720
265887149
266006871
266147335
266375505
266529244
266760823
267495509
269038663
269900650
270178493
270663378
271172242
272439413
272730779
273369280
273633044
273674978
274087857
274171261
274982241
275231022
275769497
275822714
276457730
276754426
277457658
277543967
277851855
278047045
278712410
278726747
279020767
279391629
280197616
280249351
280676095
280966134
281274720
281573503
281699753
282046004
282402545
282461787
282603844
282814245
283347674
283844344
284454492
285136873
286354973
286494203
286520407
286852734
287025636
287139164
287924506
288152620
288342141
288587336
288735780
288811753
288826365
288888488
289116885
289463018
290507361
290542695
290886645
291108384
291445598
292059156
292192273
292201045
292873723
292918500
292961758
293060927
293931877
293972788
293977554
294814272
295708695
296014407
296219613
296324652
296742025
297365338
297919340
299226086
299357437
299386007
299565446
299632204
299755774
300005649
300210779
300922408
301163916
301264169
301895819
302005988
302316059
303480218
303619378
303673243
303689467
303712785
303842353
304435867
306299976
306354561
307301513
307302242
307925649
308788834
309589620
309638690
309955790
310793555
311141037
311353851
311356953
311384671
311682275
311741317
312686066
313064755
314363425
315940851
316153081
316501020
317206357
317393001
318048463
319007912
321382869
321825204
321972385
322538528
322914632
323952634
324671447
324879883
325003740
325362483
325659762
326118697
326290045
327542844
327702512
327807822
328237329
328363961
328828106
328932040
329519170
330090040
330256480
330319125
330355223
330492351
331139047
331686656
333348046
333815920
333912135
333923459
334466150
334761836
335115263
335417805
335679075
335870573
335871015
336140432
336637138
337552109
337803312
337921585
338190674
338272695
338573116
338892453
339826393
340348819
340522251
340742189
341046008
341090137
341780089
341889623
342975185
343127440
343518331
343893790
344163068
344193249
344717112
345000509
345104889
345531732
345721915
345744991
345874379
346035662
346245085
346482899
346617764
346697053
347044838
347344005
347613542
347726509
348077451
348113332
348248656
349124790
350252752
350463703
351008265
351039285
351220095
351416101
351561323
351880150
352216302
352425618
352646613
353075190
353461012
353725349
353750165
354328120
354976118
355120464
355232481
356643794
357210581
358623508
358787177
359025803
359241632
359929204
360153249
360163897
360306366
360542470
360780640
361508242
361832563
361993641
362151740
362269899
362449531
362623402
362810091
363014839
363436690
364302326
364578727
364831385
365112886
365244658
365398227
365414639
365568141
365777669
365842775
366112407
366307499
366528217
366968468
367163242
367264477
367375420
367430417
367886762
368150450
369091634
369758010
370281952
370459376
371564359
371865545
372218593
372412821
372528920
373189266
373688821
374518169
374858332
375375293
375410614
375437348
375751210
375774234
375779668
376143246
376667284
377114011
377498399
377549672
377580792
378317298
379392374
380441105
381754275
381804364
381899019
382175052
382627666
383330589
385120964
385664269
385734579
385914816
385996190
386089450
386408716
386850616
386902192
387252412
387368791
387804766
389117558
389316551
389383564
389426148
389517473
390644965
390931309
391895137
392976032
393152818
393183304
393292113
393406246
393634573
393900216
394215884
394909402
395513926
395682033
396254328
396684034
397220025
397268344
397377980
397925390
398357049
398510642
399397532
399524542
399701607
400699673
401595633
401779764
401842296
401879354
402005006
402635306
402730305
402998328
403278392
403471837
403656633
404092998
404396118
404435654
404746648
404906369
405413750
405798876
406097607
406623290
407178852
407444438
407456572
407876843
407896396
408543085
409165342
409663735
409703317
410596708
410598408
410600524
411584084
412194164
412195876
412419792
413617554
413727069
413799778
413814937
414135198
414846761
415025217
415179048
415251477
415850972
416198364
416900638
417230611
417870537
417953653
418611010
419480986
420070024
420590683
421287904
422988598
423074798
423212961
423404661
423512393
424217875
425007804
425062937
425532236
425634160
425667430
425746429
426806065
426883880
426915508
427104738
427203047
427687895
427917475
428475400
429082338
429644557
430299269
430555277
430835176
430893076
431308656
431635014
432085687
432182240
432253915
433121592
433361763
434519787
434604368
435051283
435213623
435752152
435860990
435953978
435973526
436083206
436244485
436266372
436471471
436931846
437282984
437323955
437383362
437383377
437493021
439983914
440795011
440922357
441426724
441847308
441895184
441968349
442712385
442979470
443012749
443348109
444227521
444773139
444881535
445212808
445662315
447269160
448277571
448485478
448714911
449301174
449355259
449470847
449863055
449953235
449978650
450020480
450112921
450181242
450503742
451174055
451349710
452578398
452692388
453236093
453242766
453529009
453999864
454674519
454898031
455019244
455314749
455714694
456059815
456182691
456320833
456565876
458021814
458380171
458594717
458666836
458707663
458908244
459318698
459502053
459631588
459741159
460094314
460302412
460702279
461238368
461406447
461630558
461969545
462011367
462685015
462984299
463269511
463399146
463556957
463827665
464550094
464753486
465798851
466545384
466652366
466671816
467572506
467903807
468311927
468376947
468624726
468890766
468924487
469126610
469315542
469462626
469511467
470130240
470623611
470648355
470870244
471832896
472069916
472102095
472547924
472783739
472897957
472968100
473049345
473154442
473290791
473468193
473752664
474252133
474505898
475003054
475292538
475453388
475459632
475760473
475784509
476000701
477195865
477248580
477321457
477896381
478502229
478640790
478758666
478999373
479194567
479922907
480047954
480063793
480298307
480526764
480799624
481129703
481799386
482263940
482578204
482753197
483031240
483170323
483754935
483866874
484731217
484872018
484943040
485046717
485191455
485281701
486193670
486735086
486877100
487046790
487879347
488145420
488941654
489370926
489914075
490035987
490937162
491159375
491755602
492439887
492610821
492687193
493058649
493516404
494013176
494307223
494357476
494413947
494638792
495613699
496087116
496091572
496586826
497170982
497323266
497765943
498112230
498427172
498544042
499063950
500262940
500305136
500305872
501237936
501463494
501603230
502374748
502471024
503080352
503140988
503397635
503494673
503513264
503841320
504372961
504639624
505542570
506356972
506410376
506725215
506778286
507402932
507698290
507981753
508238806
508453088
508795567
508998721
509672982
510634961
510870530
511680733
512085565
512257912
512624101
512682209
513001397
513330965
514127940
514567360
514937484
514943056
515329654
515337563
515678777
515681038
515831387
516137710
516546097
517123286
517943882
519074587
519099185
519163759
519195987
519856645
520003531
520315993
520475297
521936667
522068235
522334192
522540615
524143873
524160981
524196013
525007053
525439754
526052572
526249692
526376344
526719525
527041116
527641550
528131812
529427388
529429144
529685394
530026597
530333804
530902216
531211309
531353608
531548371
531611686
532186304
533486136
534717994
534895825
535029573
535188761
535669704
536196748
536606735
536770010
537864568
538007830
538392459
538439598
539091717
539542146
539628635
539711657
540272521
540616457
540909418
541294516
541371741
541525189
542028575
542551697
543368940
543453376
544751594
544814006
545284904
545345280
545623274
545626603
545694843
546389084
546455627
546645193
546646047
547070290
547085646
547780917
548725301
549001637
549095922
549423478
550003570
550040117
550184405
550755359
551029930
551665824
551708225
551896404
552111460
552322459
553191018
553513302
554026582
554981371
555693690
556064105
556085595
556515067
557045225
557065213
557347974
557468813
558136555
558207752
558590296
558603942
559872115
559956369
560166689
560229423
560234349
560616515
560686133
560981940
561057432
561494061
561584114
562146681
562179609
562796537
563544864
564009606
565947089
566000130
567037232
567084010
567254563
567566758
568942999
569308885
569433587
569512620
569518220
569749424
569907284
569918308
569959295
569985022
570373920
570386423
570755294
571132858
571273003
571341437
571676944
571709641
572116470
572451265
572979262
573106682
573646373
573897713
574008545
574370731
574645851
574846227
574860289
574861985
575322954
575500603
575586780
575991923
576272400
576412302
576555664
577139560
577487517
577556523
578080550
578268143
578303983
578476556
578864436
579077162
579973383
580000836
580038521
581527227
581748621
581846805
581902147
582069756
582427451
582791367
583123689
583383336
584572289
584886759
585300874
585599952
585838591
586093313
586776887
587121293
587511868
588043927
588987351
589991455
590030190
590238951
590463628
591222021
591223782
591313499
592043981
592196787
592965100
593437887
593558292
593921127
594172304
594288414
594931061
594937699
595152372
595287853
595370360
595880924
596030362
596519679
596702275
596918264
597033550
597162457
597216268
598292764
598484324
598623458
599212022
600180946
600370096
600989806
600993884
601228126
601294824
601352660
601868838
602131025
602481987
602736630
602813149
603561644
603624267
604074758
604337947
605490050
605560825
606231634
606283159
606552235
607008758
608216975
608271188
608434282
608958725
609051642
609587276
609965132
610198015
610930838
611002961
611036608
612231512
612883084
613208860
613413940
614040503
614592337
615042126
615863647
616625371
616732442
616774196
616803690
617097217
618059229
618490993
618670480
619038792
619097987
619191293
619931904
620065347
620109480
620302975
620314504
620596951
621075387
622534970
622826298
622828856
622894125
623750916
625163441
625505877
625705722
625846503
627092365
627553271
627735198
627893555
628257197
628686271
628697168
628734225
628874949
629185654
629804020
630335811
630397494
631429653
631733925
631897888
632328576
632768076
632852643
632865211
632898865
633167929
633531158
634157424
634441179
635945525
636425799
636658026
636678660
637559033
637764946
638191980
638541076
638562489
638862918
639950389
640675321
640724397
641135057
641992937
642194542
642789375
643624456
643626881
644262952
644377900
644386466
644405692
644479263
644592840
646398232
646677648
646952754
647128198
648078774
648150315
648364119
650165523
650712041
650765490
651008964
651261941
651375775
651823311
651942329
651953628
652597314
652895968
652902786
653257793
653316957
653475167
653499203
653608262
653784136
653791238
653927720
654024247
654092426
654173278
654312773
654667987
655290902
655647468
655671629
655885306
656248010
656657758
656876776
657132670
657346075
657977822
659196340
659958033
659978441
660094862
660295544
660847178
660987882
661120344
661155549
661588325
661678443
662031260
662221015
662222813
662343537
662408814
662873042
663180355
663490945
664406343
664423775
664433317
664470990
664677181
664769141
665460858
665589450
666136373
666310993
666781272
666782073
667336854
667359466
667391457
667588553
668130431
668185589
668237006
668641175
670467380
670632247
672054951
672666150
673105604
673245479
673798073
673801405
673866439
673895036
675287652
675358363
675624151
675923843
676556252
676737326
676771378
677066526
677294842
677661175
678804347
678842857
679285986
679392254
679805524
680098112
680652658
681027062
681965475
682170699
682387374
682588545
682647516
683001623
683458106
683956752
684154719
684396932
684683536
684876054
685044021
685135224
685173321
685188945
685258201
685484087
685662364
685912593
685988936
686102468
686528031
686786968
687254260
688657327
688933328
689401128
689802288
690327564
690446882
690455397
690659010
690772322
690877319
691167987
691457962
691513879
691681117
691793574
692357877
692565433
692619173
692756853
692784674
692861919
693029153
693100166
693310825
693462884
693760628
693875692
695126096
695435726
695698755
695702278
696560143
696565525
696865091
698324722
698876950
699495305
699695277
699949894
700045824
700209916
700451002
700515669
700809455
700943229
701491362
702260199
702645028
703501892
703507174
703968709
704122275
704431816
706799183
707359910
708018469
708292079
708503488
709325860
710300719
710648112
710778774
711659790
712018223
712449915
712557890
712558625
713376601
714114506
714336174
714626318
715466859
716225303
716454883
716469228
716768505
716938229
717042071
717072378
717634553
717824571
718588043
718723424
719444307
720274196
720310123
720777292
721042767
721727659
722382014
722482269
723135805
724231595
725878051
725898482
725992906
726528362
727184001
727198076
727379053
727442119
727624188
728113839
728910410
729292128
729636866
730036162
730564994
730625146
730640827
730701832
731729865
732695203
733142767
733491864
733997492
734367355
734406038
734702599
734725650
735083651
735154932
735303668
736680057
736704422
737187891
737826662
738099476
738099646
738273379
738343667
738587249
738727494
738822033
738943741
739283638
739785485
741125362
741265522
741408105
742195809
742743555
742857742
743495384
743873915
744238388
745196446
745794085
745938140
746232973
746292299
747688830
747712559
748041212
748099511
748523196
749161089
749465146
750233834
750282567
750307565
751310874
751544381
751969887
752139727
752493727
752643355
753299364
753649387
753813274
753905666
754049568
754275845
754424136
755035049
755455934
755507183
755595741
755643110
755700597
755785961
755914361
756371416
756481301
757470277
757630226
757743145
757956860
758082343
758337608
758674761
758869189
759186709
759520275
759625611
760985198
761614371
762285197
762362893
762656595
762658572
762876050
763052622
763926159
764616893
764792166
764820055
764944452
765595281
765645555
765913471
766274408
766348934
767323423
767578033
767602339
767787967
767857324
768086493
768157155
768364280
769603265
769766415
769847548
769946626
770206302
770978476
771128339
771416803
771830076
771839199
772175087
773269590
773304538
773625969
773632077
774578679
774963186
775553990
775870880
776003136
776886571
777281991
778224515
778277546
778279407
780047098
780832151
782361049
782838399
782952378
783178488
783195747
784550152
784846861
786173417
786407216
786563530
786597037
786749355
786783777
786799549
787265759
787645378
788153893
788716771
789396254
790718037
791109983
791270605
791293222
791469410
792308964
792371470
792435886
792721606
792791291
792865031
792908655
793316458
793359304
793586863
793608243
794131389
794995708
795802545
796987589
797050738
797819507
798273896
798360804
798541708
798878951
799330442
799521979
799551584
799701416
800396339
800800303
801265976
801486509
801647441
801721849
802088221
802548835
802860553
803391164
803706194
803741095
805147234
805431363
805539802
805600507
807878899
807972649
808034892
808075657
808940933
810297881
810643981
811114772
811410823
811815997
811947045
812204764
812420044
812602601
812653217
812750519
813000525
813416086
814240023
814483127
814604380
815437985
815503482
815820702
816196610
816737694
816964871
817473462
817588351
817760153
817906219
818074978
818133088
818237831
818257802
818579675
819158897
819391590
819481069
819936769
820190922
820551699
821392910
821402579
821901642
821955424
822253229
822449785
822606619
822638671
823007122
825485984
825598995
826359944
827422768
828109859
828537265
828567587
829782812
829797541
829869495
829887214
829955156
830163531
830541206
830634350
830669623
830705639
830976415
831535625
831953650
831980279
832205114
832253505
832354517
832607169
832740442
834134690
834134933
834620214
834879077
835078280
835307397
835440927
836534942
836627819
836704778
836706107
837534166
837614071
838033103
838727381
838791033
838831337
839329816
839446318
840351925
840547665
841545920
842473456
842575585
842804758
842812230
843054243
843981984
844629904
844963138
845126297
845149866
845773492
845992726
846107015
846563539
847894460
847932235
848597127
849173210
849770454
850876440
851020358
851359858
852356081
853251787
853744051
854279848
854315982
854498571
854737388
854878722
855025177
855703262
856086714
857085622
857670600
857820787
857961604
859554579
860005111
860107493
860144058
860176204
860341325
860608546
860740072
860797545
860810207
860955915
861688124
861915742
862333181
862908549
862935414
863516402
863632143
864023568
864123677
864923251
865941155
866362907
866569943
867038044
867071219
867911068
868178935
868301137
868415667
868595870
868737980
868762201
868770109
868800373
868928844
869364258
869942812
869974002
870292105
870560179
870964058
871037448
871860635
871947857
872232194
872704291
873336955
873418595
874023492
875245591
876085145
876415352
876688538
876790000
877380095
877728180
877758080
878083739
878121165
879150568
879342432
879446890
880655534
880961473
881119658
881141122
881414785
882255132
882269063
882658687
883272958
883866536
884511643
884687617
884973005
885378303
885598737
886278319
886607240
887035582
887359001
887467349
887545189
887592719
887995570
888863694
889118952
889615507
889877284
890276029
890428674
891047759
891084220
891104582
891285591
891408697
892758530
893978723
894155517
894513291
894723100
894979557
895090126
895220689
895406025
895540785
896592067
897260930
897316215
898132913
898166031
898277199
898503694
899155431
900280455
901444049
901553545
901974041
902638714
902926020
903021329
903292302
903663219
904078814
904534778
904968456
905005575
905307338
905450121
905453164
905849952
905981043
906065315
906091747
906119832
906189946
906534867
906547612
906956258
907034264
907151088
907191526
907310947
907469551
907863780
908123990
908758448
908846064
909636263
910000156
910069108
910306990
910468689
910558962
911076368
911179500
911748541
912651316
912737202
912899462
913016189
913349264
914289173
914594699
914894395
914958084
914968400
915127800
915256043
915358856
915868427
916070746
916791671
918020379
918209727
918348441
918429356
919142183
919524171
920205191
920312364
920568749
921445873
921608470
921985010
922410211
923034521
923663186
923707951
923871730
924030927
924300809
924596330
924858339
925411798
925509877
925841635
925844835
925960351
926246916
927667059
928332921
929481734
929677084
929925204
931103237
931226060
931367558
931781810
932053693
932260881
932278575
932829488
933057340
933135938
933292867
933604796
933790248
933851734
934020991
934102930
934397517
934957511
934983667
935847608
936212812
936283657
937133499
937334409
937868900
938056791
938621067
938851015
939336178
939467880
939862072
940000525
940143587
940611056
941186998
941269958
941489705
941736806
942044433
942048903
942315703
942795585
943604454
943891168
944474029
944711304
945345929
946019689
946334783
946714538
946936959
947045467
947371967
947391825
947779861
947780526
947830539
948176691
948309738
949192926
949316233
949720762
949775926
950299199
951308217
952754701
952780525
953525357
953640928
954545745
955006564
955522417
956593825
958465121
959599626
959700621
959985444
960317561
960581682
960700216
960830658
960895816
961023297
962002949
962108169
962272426
962298503
962301404
962369616
963336707
963599419
963809752
964218775
964449309
965672404
965702861
966113265
966275335
966391342
966679699
967295294
967860923
967975146
968388642
968631283
969127703
969263254
969380835
969535933
969542108
969690633
969892476
970486607
970512218
970924037
971385539
971397147
971599141
971618317
971676947
971917654
971960306
972218253
972288059
972479660
972963674
973046648
973148878
973217102
973592552
974194411
974214595
975584934
975601635
977077366
977144472
977415611
977548994
977569330
978520568
978616334
980129061
980188244
980638755
980821752
980931833
981746067
983121264
984681251
985519658
985523172
985918045
986611744
987296691
987448032
987541160
987598047
987786485
988076838
988255555
988277903
989429914
989574932
990137110
990719196
990754012
991223825
991732796
991925492
992091305
992251791
992638766
992714309
992769101
992872033
993294859
993570937
994039184
994090983
994304920
994516456
994648090
994814658
995465120
995847849
996200017
996308756
996831863
997198226
997293666
998437207
998575115
999138350
999341533
999437913
999470614
1000298708
1000356888
1000440611
1000624253
1001044145
1001062703
1001157115
1001225481
1001664786
1001673695
1001716630
1001760109
1002218320
1002218966
1003017063
1003128277
1003202173
1004047661
1004489908
1004531747
1004683773
1005787992
1006052178
1006058318
1006800140
1007224851
1007258400
1007780108
1009363921
1009720294
1009915812
1010735827
1010965915
1011120877
1011187311
1011422554
1011808118
1011992093
1012004196
1012155213
1012230814
1012247801
1012395444
1012651149
1012979705
1013224092
1013479822
1013513630
1013522943
1013628472
1014462061
1014616470
1014649678
1014944179
1015093472
1015220680
1015754688
1016217326
1017197661
1017381630
1017833689
1018400780
1018402643
1018556717
1018886211
1019180972
1019197745
1020046141
1020126388
1020232736
1020473748
1021298247
1021327029
1022087196
1022703604
1023530462
1023965210
1024258649
1024349817
1024446041
1024615358
1024990708
1025023155
1025110643
1025201665
1025546210
1025802455
1025881739
1025897534
1026284463
1027162437
1027492181
1027492517
1027496152
1027914731
1029087813
1029198700
1029305374
1029319342
1029435686
1030264300
1030612846
1031043308
1033871582
1034696645
1035071790
1035241053
1035510117
1035603238
1035697144
1036749695
1037137859
1037569312
1037738799
1037870129
1037915409
1038682067
1038915373
1039416807
1040037273
1041022058
1041612665
1042349959
1043089757
1043870644
1044844111
1045292115
1045722400
1045954730
1046372848
1046419959
1046776638
1046844458
1047453572
1047859880
1048110783
1048427659
1048571938
1049422294
1050023344
1050096260
1050317748
1050733173
1051578754
1052477377
1053187880
1053673535
1053781070
1054092750
1054274419
1054657778
1054970972
1055489406
1055516948
1055646144
1055794192
1056057608
1056394413
1057034761
1057871588
1058205584
1058534588
1058537097
1059631759
1059892561
1060064409
1060148043
1060287907
1060799165
1061053954
1061419461
1061435873
1061531733
1061753734
1061789869
1062474209
1062513455
1062723640
1064014287
1064321458
1064753859
1065166820
1065894367
1066686193
1067037298
1067252591
1067616363
1067643250
1068199484
1069391728
1069482663
1069642923
1069725565
1070424064
1070959988
1071213403
1071492616
1071854791
1072044835
1072338384
1072530137
1073117078
1073702440
1073879841
1074412417
1075583441
1075817371
1076530672
1076710351
1076887852
1077971499
1079281311
1079311016
1079463588
1080037604
1080765626
1081233238
1081294839
1082311867
1082597061
1083146347
1083743268
1084147702
1084412363
1168763119
1292752580
1434758450
1619632041
1758968886
1918843645
2060590416
2223310168
2348610867
2497517351
2634497893
2760921341
2893406185
3030627232
3159482402
3320333253
3442163196
3587364969
3743235661
3880631590
4010294502
4164157115
