884026
1622775
1681819
1825838
2058637
5143901
10653126
10928452
11817416
12144450
12487450
13060534
15006060
16075618
19803804
20354254
20359216
22065972
22459428
22942354
25809116
27632332
29919095
30706878
30934842
33306751
35877947
35966980
39158484
39622915
39800639
40522829
41959291
44255822
44787446
44859285
45296441
45412178
45450183
45578418
45893547
46744744
48886735
49504104
49544665
49714203
50373584
50377568
51969565
55221376
55487561
57028590
57367422
58553132
58909512
62210261
66552950
67294222
67431115
68505952
70932784
71016880
71495972
71543769
73497099
75650066
77194385
77563241
79371020
79934180
80131695
80851871
81576602
81830589
89191306
92041666
92224458
92845523
97262366
97538227
100807679
103819161
106013358
107280825
108378367
109606496
110044692
115127096
116367239
117699260
118335020
120562583
122064627
123267924
123797771
125594548
128293184
129058199
130464946
130780899
131965886
133541611
133645492
137777630
138264915
140526755
141002756
142817286
143887297
151425608
152959445
152982336
154816835
154968820
155391557
155679970
158690772
164526014
166841802
167354101
167386896
168238240
169263479
169353299
171489251
172793731
173159241
173693806
173960036
174156361
176145356
179168462
179868557
179979271
184378485
185896842
186142472
187276987
187666594
187988255
189558509
190803897
191460492
196550970
197414808
199995602
200370356
200485745
203664793
210719030
214934661
214954586
214970529
216705628
217647378
218575371
220516291
224119451
224608319
224793764
226462688
227473404
227942213
229109016
234336306
235998033
236407890
237293908
238545893
238562070
238938335
239740733
239804190
240554343
241215308
241237224
241720263
242198779
244125957
244879596
246345026
250646549
251658857
255762897
256686544
257672214
258175887
259456431
261421819
262985793
266335943
268097688
268462558
269185609
271000285
271171656
271509431
272446724
272529906
273581881
274171261
275190099
275230385
275555952
276907271
277857365
284243774
285225738
285241448
286223991
286524166
288872426
289573840
289632065
289654880
290694543
292952680
292993962
293630052
294443322
298015596
298366533
298576750
301031317
305761988
309147405
312456235
313608361
314718957
315843690
317457109
317593242
318655406
318841602
319221618
320057747
320148017
322553077
323823586
324812035
325692778
325706388
326123857
328704946
329904137
330523012
331694834
331921695
332939259
333724900
337698332
339334134
339914698
345394432
349772414
350811083
351234886
352253226
355309207
357712669
358480721
359678976
360030997
363112153
363482121
366379128
367155634
368600321
369763776
373533901
373685426
375497378
376757175
377458107
377768373
379465019
381637106
383396292
383884932
384672790
387390118
391094314
398064531
398427338
401545671
403955171
406476580
407018226
408505343
411470694
413117053
413272444
413717441
415651875
415757873
416252464
417317485
418034923
418069917
419197966
419480986
420455703
421028589
423112840
425591052
428814198
429521592
432377646
432478282
433313574
433689933
437258617
437529500
438562805
439093304
440622764
441508967
444296140
444747003
450397200
451471136
452306611
454596639
455481935
457303996
457583880
458605959
460499315
460531951
461428543
462577376
464886305
468992742
471968961
472619306
474247236
474959376
475577110
477403438
477949228
480301973
484455112
488284106
490863854
491231836
494077913
494918562
495603159
500846655
502426185
503917380
504192135
505606091
506855597
513225533
514028187
515234808
515334132
515976733
516292388
516350816
516855623
517729887
520370002
528293386
528960414
529417447
529571082
533579016
533929520
533990753
534819807
535073377
536014540
539567169
539924946
541052794
541580926
543747443
544312546
546778693
547989619
548558789
549272665
550326477
551697248
552556641
553561745
558938238
559381168
559561282
559764479
560617412
562022958
562551284
563209071
565136959
566940196
569311933
570059011
572451265
572960350
574374374
575185146
575316584
578315661
578381680
578390951
581349301
582979130
583190660
583983940
584093586
584883228
586412681
586602225
586632408
588958733
591503664
593677705
594426746
598249121
598577393
599014624
599080914
599687112
602109725
603948978
604842456
605510612
607778628
609786546
610333555
610388707
611489373
612255650
615797226
616367911
616617820
618957029
621743349
628094138
630201419
630311810
631243374
632303763
632305265
632787136
632793602
632798643
632959045
635840292
636845781
636910693
637310887
638747583
641321421
641350314
641776095
643820981
645060697
648295335
648968748
649528828
649684625
650749917
650886463
651414202
654074282
656561658
656725815
656961686
658241749
658355388
659646500
659661544
666391972
667484776
670465021
670792669
671023696
671040477
672047399
672443421
672735996
678889886
679377937
679523302
679574568
679980914
682057613
682558870
683081491
683680945
684658403
685389744
685632821
686481946
686797529
689724545
690659010
692661113
693970248
694846148
696286528
696798950
697074063
700320983
701666543
703133005
703798639
707965898
708351671
722642211
722700894
730413041
733358287
734893194
735693771
736765639
738374050
743998981
747937125
748015846
749995995
750416018
751406634
754291188
755173757
756562483
760952281
762275645
762780618
766107959
766526809
767280149
767480555
769825540
771242441
772455312
772893082
775581171
776041780
776135053
776977295
778981078
780365321
780564012
782168932
784136613
785379974
785621585
785958127
787350024
788671911
789531237
790077736
793579886
794230380
797692080
802609240
803986811
810651211
811689883
812255611
812818723
821469074
822950884
823128030
824211296
824344851
825210393
825249836
826198944
827410593
828129017
828562303
828691419
828751586
828834923
830821393
835117144
837134324
840165369
841346505
845860743
846605072
846956176
849459506
851543665
852237233
857949151
861923101
864006710
865341874
868065784
870156252
876040105
876917176
877165645
880655534
883607377
883907749
884307769
884927924
886898014
889292961
889695045
891805206
891876781
892890036
894536529
895167538
898835081
900213288
902222741
902556505
902674992
904112592
908498596
909082588
909279245
909392150
909647290
910000881
911543116
912471818
912666849
912790258
916351062
916789947
917956613
921049312
921563970
922190237
925563311
927791331
930107468
931562286
931844724
936038478
938617447
940128862
940466560
942370890
942754236
943115175
944576877
944620743
944911158
946105908
946873087
948026441
948744864
949128187
951019977
952261038
952856473
953456139
955477344
955643662
956610188
960484098
961921472
964628622
965821160
967954587
968918298
971600818
972965730
974409245
974992422
976737059
980477732
980772318
986814485
987863687
989893948
990834069
997832185
998505888
998666253
998673454
1000062330
1001486063
1002815337
1003040725
1003402368
1004399230
1005730607
1007015780
1007891470
1009337389
1009421563
1011275972
1013654640
1014434238
1016813545
1020093242
1020461874
1020473748
1025260046
1026111925
1026232832
1027641372
1027723101
1028675277
1029818996
1030697794
1037725247
1038184363
1038673994
1040812984
1041901705
1043292671
1044496001
1048070949
1048518904
1048968036
1049055999
1052050389
1053948581
1054066031
1054374405
1058263878
1058698089
1063771913
1063814420
1064471807
1065689129
1066649327
1067316125
1070632091
1071674942
1072494274
1076331243
1076645932
1078881685
1081310645
1082700212
1082716669
1083825303
1085200417
1090041981
1090358757
1091905603
1092152272
1092473952
1096209099
1099689890
1101977964
1102093347
1102638756
1105989334
1108452131
1108840750
1110792323
1111226344
1112098880
1113225282
1114347896
1115185634
1115867542
1118541420
1122289714
1124031899
1124727613
1124836518
1124993963
1126932720
1127190732
1129319481
1135790497
1136797637
1136813447
1142142084
1142546421
1142997088
1143764184
1143768067
1144461155
1145650324
1145789198
1146357517
1146570931
1147269945
1148909812
1150052539
1150642404
1153543660
1153701696
1156190260
1157199317
1159343366
1160107504
1160568704
1162472180
1163136992
1167090077
1168712201
1168763119
1170269648
1172120016
1174271708
1177169926
1177788410
1179221094
1179520647
1179535936
1181412329
1183033504
1184330992
1184749224
1185493591
1189771365
1191582332
1193008677
1194262594
1195853773
1195895904
1197783219
1198516802
1199782285
1200352094
1200771897
1201229694
1202155612
1203784502
1204303910
1209990553
1210544580
1211250775
1211454874
1211816959
1212411339
1212832578
1214302086
1214510652
1215163857
1218413492
1219008029
1219049743
1219722205
1220140756
1223161594
1225111259
1226040928
1226109210
1226784996
1229436386
1229713783
1229743362
1232489037
1232680071
1234819291
1235827451
1236594915
1236771236
1238434994
1239555780
1242219287
1242381384
1243093725
1243707634
1245850074
1250772749
1251313125
1252748922
1253322554
1254070586
1254718932
1255155558
1255781777
1260023816
1260367003
1264018878
1264677025
1265057078
1265375998
1266549661
1267013848
1269719746
1270351423
1270898422
1270964266
1277220757
1277506474
1278615347
1280091411
1280645700
1281172159
1281933544
1282528773
1284996568
1287631134
1289520079
1289748304
1289928246
1290083213
1292159636
1292752580
1292853250
1293057674
1296924972
1297299158
1301571594
1302163152
1304556785
1306336882
1309236711
1310791274
1311191733
1312689590
1319646311
1322440140
1324869692
1326509794
1331522370
1331533772
1332852762
1333728911
1335812861
1337916229
1339038129
1344016577
1344559713
1346069040
1347246420
1347571635
1348135689
1351337470
1356770132
1357460218
1357933913
1358203868
1358361250
1359833319
1360702186
1361524694
1365408422
1366326883
1367181101
1372537464
1372824309
1374891975
1377329550
1377336766
1378325993
1379047114
1380172964
1382131062
1382299451
1384151693
1386440061
1388689065
1391510368
1394305672
1394987774
1395231486
1395681178
1396151292
1396937813
1399851175
1405475523
1406775026
1407525921
1409156301
1409878328
1410427354
1411743393
1412228445
1413660182
1413701077
1414070781
1415054149
1416050713
1416690480
1417452458
1417737109
1417811416
1417973791
1419223951
1419857328
1420173908
1422311992
1423202971
1423984701
1424280752
1425425502
1426371043
1426573416
1426721107
1428115918
1429219506
1430114378
1432382352
1433183897
1433527188
1433554249
1434331569
1434758450
1434877597
1437233342
1437333592
1440093395
1442205615
1444128359
1444232329
1444260503
1452157435
1452301175
1453042553
1454588361
1455772119
1455905317
1457814637
1459346981
1462782738
1464741336
1471611145
1476131245
1476428976
1480243131
1483143313
1483401004
1483768946
1484317577
1484606417
1487587309
1492824255
1494939395
1495626638
1496014822
1496327660
1497785140
1498664778
1501380558
1503911183
1506449533
1506688869
1509928397
1510860552
1513783432
1517624598
1520431940
1520974000
1521588789
1522210777
1523355629
1523563174
1525278152
1526576638
1527666368
1527761121
1528230890
1528371882
1528796044
1529133538
1530480945
1533273253
1537814794
1539319419
1539835613
1542705615
1545833462
1546679035
1549945036
1550070055
1555164643
1558783585
1560649694
1561817710
1563087439
1563916416
1566741280
1569717348
1571765758
1572149897
1574920030
1581452292
1582028195
1585658061
1586241286
1588400767
1592218452
1594877476
1595807547
1597100005
1600196298
1604345827
1605070105
1606985771
1607633677
1609703342
1609766171
1612198666
1614431090
1615863835
1617428598
1617925418
1619632041
1621732241
1622742999
1623700622
1624321619
1624905595
1625628834
1632014489
1633113235
1633726887
1634883257
1636255209
1638479294
1639330381
1640833751
1643257394
1643934634
1645402560
1646317098
1646345412
1646618757
1647877696
1650007359
1651762757
1652704379
1653326219
1654680734
1656447022
1656811829
1657601772
1659140827
1662319840
1664252735
1667657052
1671586573
1673639921
1675526464
1684638564
1685380420
1686268930
1688922800
1689787555
1690509009
1691355396
1693081892
1693324058
1693555443
1695202975
1695562009
1695966113
1696550194
1699072729
1699846137
1701565443
1704623751
1704852939
1705979349
1707303460
1708164728
1709339746
1712159970
1713956370
1714597991
1714772013
1715015624
1715355485
1715641998
1716663112
1717663563
1717788600
1718229206
1719034229
1719826593
1721553419
1723372713
1725095076
1726521270
1726887907
1728545361
1728761899
1730780373
1731053656
1732212834
1732655895
1732953540
1736488783
1737623275
1742004250
1745565610
1748142239
1748289922
1750318004
1752585594
1753354657
1755981082
1756404873
1756661490
1757119596
1757356237
1758860038
1758968886
1759998173
1762229503
1765986335
1766154213
1771040343
1773468406
1775053497
1776416959
1776727467
1778822964
1779096915
1779999132
1781086789
1782022253
1784649254
1793372970
1796109142
1797260146
1797493168
1800490741
1800659299
1803753421
1804549351
1805218101
1807065998
1808233601
1808727124
1810032971
1810848590
1814688128
1816289982
1817832315
1820622979
1821716015
1823074924
1828003707
1828402743
1832644944
1833775443
1834639068
1836485982
1836547457
1837308123
1839935686
1840211795
1840616331
1845869552
1845924785
1847288737
1847527421
1848543232
1851389956
1854294512
1854725691
1855998231
1856791463
1858004922
1858347012
1859114260
1859186365
1860064695
1862876547
1862882455
1866571031
1870287572
1871686759
1873613364
1873735918
1877806742
1878524613
1879525809
1880264791
1881089762
1882210041
1885013772
1885367541
1885557284
1885938937
1886099416
1886213581
1886354714
1886904766
1888936841
1890569255
1891187714
1894178629
1894694352
1895568371
1899679196
1901674827
1901975054
1905098241
1906628766
1909783267
1910041295
1912737241
1913716662
1916278799
1916412748
1918843645
1918945198
1923711384
1925164689
1926952200
1928032499
1930623642
1931125652
1931654966
1934608242
1934841509
1935120331
1937094955
1937180979
1937599332
1937773894
1938332286
1938442206
1939383652
1940432558
1942678546
1943224514
1945707267
1948331573
1949096762
1951054049
1952801317
1953529657
1953872830
1954521333
1955133095
1956340079
1956479191
1958463739
1959014739
1963691673
1964736691
1965384308
1967236512
1967254151
1968399954
1968431079
1970414201
1970629562
1975030728
1977584579
1978588201
1978863564
1980093954
1980872908
1982083260
1987528918
1988288689
1992502388
1993172359
1994053709
1997414641
2002382616
2002396443
2004955483
2006338179
2008324858
2009017721
2010540421
2011288458
2012432793
2012655905
2012918120
2014532345
2015604907
2015966161
2016084875
2019562137
2020158785
2023646742
2023906778
2023910842
2027092115
2027572789
2028335314
2029091862
2032701519
2034029935
2034628458
2035709628
2035716363
2036791461
2040089632
2040151111
2040399016
2045579670
2048223518
2048387246
2049248572
2049803113
2050255799
2051392211
2053718014
2055374698
2059338404
2060590416
2061219416
2062490813
2063320354
2070151499
2070827009
2075522184
2078632925
2079793236
2080069780
2080808183
2081872504
2083129429
2084003133
2084014844
2087062132
2088373625
2090705032
2096135856
2096543744
2097904613
2098800399
2099146815
2100951323
2102083538
2103016616
2104554559
2105745998
2106157133
2106712275
2107023266
2107221324
2108398733
2109991349
2110007889
2112839427
2113842474
2114211401
2115467931
2116292147
2118691303
2118885794
2124234596
2124476148
2125656272
2126291893
2126939214
2127306887
2128228988
2129980113
2130639593
2135012377
2135754641
2135938491
2137690894
2137890947
2139537557
2141643820
2142858278
2145368636
2156029630
2160190391
2160743088
2170522667
2170537008
2173051472
2174066487
2175000623
2175577276
2176556250
2177062333
2179111283
2179341856
2180100755
2181206479
2182273951
2187740974
2190133547
2191978335
2193376136
2193901162
2194262819
2195384697
2195410246
2197044996
2206486416
2206913033
2207666772
2210557842
2210949725
2212932420
2214027392
2214595225
2217073865
2217358775
2219047528
2219134843
2220357454
2221644651
2221782600
2223310168
2224466393
2225001488
2230931411
2232892310
2232954703
2237530297
2237955911
2238455798
2239716364
2242786402
2243987023
2244880612
2246503819
2246537017
2247856122
2247948717
2251173423
2252919464
2253814909
2254057344
2254087510
2256737062
2257786298
2257833168
2260647819
2261601302
2261989197
2262429521
2263868262
2264663143
2265092742
2266349483
2266404249
2266872212
2267746907
2268689555
2270031667
2272136087
2272254628
2274100884
2274624522
2274933104
2276638226
2277677988
2279294844
2282797771
2283316132
2284088010
2284431141
2284815132
2284821796
2284845336
2287725997
2287946673
2292299923
2292951245
2292979423
2298750284
2300221578
2300667808
2301750095
2302381868
2303042125
2303693500
2303758518
2305932408
2306636301
2307188249
2308141551
2312464648
2317245369
2317617625
2319403873
2321059130
2322499609
2324098294
2325465596
2325467723
2325544170
2325622861
2327488023
2327562616
2328722903
2329873611
2333648045
2334900583
2336896537
2337438133
2337531263
2337832682
2338990884
2339713730
2340506053
2341187884
2343341569
2343858664
2344121492
2346721847
2348232952
2348610867
2349343133
2350493172
2350881751
2352111445
2355228908
2357776661
2357890710
2358529681
2362011414
2362459642
2363146434
2363975394
2365345933
2365613295
2369979761
2370823104
2373340671
2374193498
2375375096
2378095043
2378481858
2378715053
2379269734
2379871385
2380660358
2381344557
2382592242
2384474338
2385232103
2386637772
2389788241
2391862213
2392556532
2393698883
2395336416
2396744016
2397128400
2397303946
2397358192
2397726382
2401490305
2402920533
2404643199
2406931395
2408236384
2412952022
2413023707
2413973543
2416431584
2417518314
2417776758
2418214870
2419290865
2424583290
2426695815
2429327252
2437815562
2438840142
2439597406
2444804176
2446394607
2451148428
2451846678
2455438140
2456936325
2458611678
2461251891
2461622261
2461970575
2462734315
2464914089
2464989491
2465804522
2467254728
2468531203
2469905498
2470350994
2471031712
2472296469
2472556091
2473893000
2474270255
2475753109
2478248741
2479770171
2485880781
2487576337
2487716841
2487759643
2487942834
2488665196
2489131907
2490278708
2491247443
2494650472
2496084098
2496132505
2496845027
2497387572
2497517351
2498036496
2498079859
2498380317
2498765502
2499188119
2502880341
2507083270
2508748985
2508958023
2510030923
2510939974
2511876255
2512737126
2513469196
2517086154
2517684365
2521353382
2524359718
2524479813
2525028313
2525929094
2528968625
2530023051
2530788394
2532941422
2533683308
2537778596
2539607416
2541779653
2541873752
2543502294
2544116968
2545001987
2545306614
2545480606
2546482871
2547086687
2547462395
2548255457
2550386522
2551330423
2551392891
2553001045
2554451163
2554637436
2556929881
2557507930
2563998068
2564120826
2566143413
2567644663
2569605532
2571280835
2574207319
2576872298
2577177792
2580992527
2582806472
2583565073
2587182832
2587751010
2588868208
2591149956
2593452692
2594108872
2594222066
2594870090
2595128324
2596009184
2597533167
2598043232
2599256964
2601591032
2601805212
2603106662
2603702615
2605324325
2607804863
2609683212
2609772745
2610571354
2611941168
2613333624
2616297826
2618656306
2619015202
2619591868
2621911543
2622558482
2622732230
2624957015
2626333450
2627604562
2629089126
2629323478
2630822478
2632287065
2633225742
2634072532
2634497893
2634721662
2638349830
2638480498
2638580201
2638811621
2640128149
2640756115
2643866275
2645111348
2645139754
2645385426
2645575828
2646733980
2648038706
2648380934
2649003997
2649896062
2653497546
2656031468
2656371330
2662038447
2662810036
2664604636
2667267244
2669238842
2669685268
2669774158
2669964692
2670531810
2671263916
2673951439
2675018787
2675156767
2676023912
2676349981
2676660668
2676785882
2677379925
2677388757
2678773735
2678883856
2679124454
2679677851
2681435943
2685109835
2685911240
2686442400
2692648280
2695185073
2696208947
2696837738
2697348586
2699995001
2704630394
2704767091
2705063003
2705529044
2708397346
2709455188
2709592184
2713501426
2717919525
2718310247
2724636490
2725504608
2725593130
2725675048
2726350296
2727737856
2728468368
2728487155
2729511255
2732035045
2734692396
2735919911
2736041693
2737326800
2737590781
2738082879
2738208174
2739199387
2741374207
2741570186
2744529396
2745264340
2746679046
2747628068
2747711265
2748846870
2748933085
2749346954
2749588885
2751569918
2754444864
2754767561
2755402680
2757321141
2757514960
2760231937
2760921341
2762574428
2762704479
2765551885
2768046537
2768428461
2769455292
2769581100
2770049406
2771210434
2772370201
2774000241
2774185075
2775849013
2777601088
2778288427
2780037461
2780838026
2783764850
2787918954
2793237975
2794052007
2794239772
2796133529
2798403976
2799806891
2800339981
2801312957
2801572442
2802115731
2802154650
2803023650
2807369839
2809025664
2809414628
2809603276
2812123629
2813952693
2814443496
2814823552
2815797553
2816486010
2816582108
2817353686
2818321197
2819733760
2819908150
2821448376
2827872010
2832509884
2834651553
2838239609
2838999018
2839749943
2843465106
2843588296
2844001245
2845106448
2845412512
2845932632
2846615716
2846744170
2847063125
2847618145
2848006143
2854867758
2856199390
2858519006
2860292422
2860625878
2861309244
2862384275
2863032287
2863440434
2864103008
2865356960
2865561700
2867334528
2868138735
2872367483
2873404449
2875389048
2876653750
2878033561
2879466180
2880607856
2881271353
2881793742
2882212990
2882289085
2882710943
2883921118
2884647302
2885472422
2886567535
2887120180
2888680329
2889904959
2891882805
2892328875
2893406185
2897368100
2897928981
2898218993
2898526409
2898828264
2900254250
2903447714
2904270056
2906491396
2907363325
2907958233
2908925756
2913605755
2915677279
2915935098
2917434538
2917449234
2918803701
2920509609
2921335071
2922288784
2923053799
2924226365
2925996987
2926804536
2929733619
2929975915
2934942462
2936183704
2938705722
2939239128
2939740311
2940434560
2942774255
2943690462
2943785435
2943866130
2945751953
2951476031
2955929009
2956387336
2956689169
2957876501
2958083611
2958441207
2961553181
2965278044
2965766103
2966184896
2966381027
2971248087
2972021555
2972332886
2972491377
2972504979
2973408788
2973583843
2974241239
2975920248
2977516863
2979845918
2980146458
2980162332
2982064445
2983918974
2985317657
2985507503
2985995316
2986207019
2986663255
2987653866
2988399763
2990989001
2991976834
2992580900
2994945566
2998580579
2999005094
3002128611
3003716808
3003758504
3004341611
3005735417
3009746119
3010755168
3012464643
3012592706
3014469681
3015829301
3018658708
3019022771
3020019925
3022060762
3022344274
3022890074
3023709848
3023951971
3024194614
3026094042
3030627232
3030752272
3031543827
3034813937
3034880922
3035891547
3040867746
3040887395
3041474665
3042597019
3044687637
3045600516
3047680288
3051836198
3052810811
3053382669
3054773416
3055856300
3055875368
3057115752
3057582186
3058660912
3061721544
3062996420
3065610599
3066099738
3066553734
3066764680
3072309316
3072786853
3072894942
3073623069
3073814813
3075637590
3075775727
3076842384
3077460859
3079330368
3079339755
3079746529
3080041675
3080547256
3081112678
3084257474
3086727652
3089126777
3089785234
3091617599
3092358223
3092813040
3095281478
3095314463
3096413479
3096759793
3097617820
3098173982
3098607209
3098651512
3101576649
3104757808
3106071891
3107410633
3110246049
3110297636
3112455944
3112590192
3114228009
3114667596
3114973393
3116987177
3118667225
3119309770
3119808884
3120683796
3121442368
3122027376
3122779347
3124318954
3126029766
3126137653
3128115436
3128866844
3129415180
3131461561
3132329761
3132349726
3132579592
3135985166
3136540321
3137523823
3141103221
3141487324
3141822719
3143497141
3146095897
3146300942
3155287756
3157651063
3157876339
3158538589
3159482402
3160014558
3162823125
3165331109
3165383766
3167488629
3170053612
3170109776
3171645583
3173430661
3177650707
3177769327
3179716905
3185369721
3186633180
3189671522
3189701588
3190363142
3191432104
3191453052
3192904541
3195669868
3198823389
3199509051
3201741537
3202115172
3204344621
3204698640
3205535338
3208219406
3212216817
3212559095
3213207735
3213258860
3215147278
3216882224
3220425974
3221302713
3222759513
3226735166
3227518815
3227608011
3228307003
3228852458
3231275624
3231473484
3232034769
3232237971
3232820187
3233639660
3237147428
3242751440
3243245574
3245729938
3248898407
3249464360
3249939984
3256188237
3256736170
3256815561
3257210363
3258748950
3260089107
3260125387
3260398447
3261663343
3263148147
3266233279
3267492442
3267696034
3271695149
3271873260
3274302062
3279727140
3280377986
3285334205
3287944378
3288197157
3288738164
3289796283
3290241440
3290774298
3292160178
3292651412
3293969470
3294895568
3296201272
3299420635
3300185566
3300776421
3303229851
3303745278
3305514482
3307332863
3313153346
3313882931
3314436754
3317478516
3317619655
3317812814
3320333253
3321770257
3322180916
3322722383
3327602176
3328071196
3329140532
3330513551
3330935100
3332570203
3332929744
3334711513
3337190643
3340495953
3343071280
3345435844
3346931899
3347088710
3348305592
3348535448
3349323143
3349737285
3351872559
3352498231
3353767041
3353839093
3359640463
3361845994
3362426368
3362476702
3362889576
3365507164
3365750782
3366047702
3367778348
3370274859
3371905953
3372283313
3372629406
3372943642
3373812449
3375014024
3375316545
3377249939
3378645510
3380703772
3380723312
3381508737
3381617580
3382469398
3388190075
3388365352
3388443523
3391012211
3391140482
3391255901
3392461709
3393782392
3393877828
3394437786
3394480421
3395109175
3395601742
3397912581
3399490171
3400544542
3401663935
3402210112
3402820161
3402840345
3409497594
3410547300
3410744358
3412294994
3414059323
3415851506
3416675563
3417714572
3418670351
3421990866
3423476553
3423488242
3423830173
3424935663
3427339051
3428160371
3428190340
3428954450
3429573392
3430863018
3435850693
3435961554
3437196344
3437861611
3438093902
3439579551
3440332485
3440679079
3441956310
3441963831
3442163196
3442886978
3444296408
3449602527
3450102549
3451493318
3452324627
3454502526
3454995107
3455662905
3456100177
3458580587
3458942435
3460988098
3462737667
3463565652
3464066410
3464606346
3464817565
3466303599
3469384365
3470593596
3470748343
3472824400
3473402358
3473925748
3474551448
3478080412
3480583555
3481105659
3481472659
3482553711
3483636150
3485647558
3486244260
3487792414
3489167587
3494314157
3495013573
3495250133
3495836470
3495898830
3496310549
3497799680
3497908977
3498042064
3500811599
3501441978
3501846950
3504519061
3507812455
3508277090
3510616509
3513223660
3516334038
3517404457
3517960528
3520116300
3523487664
3523710907
3523916633
3524598449
3526117470
3528371962
3528737444
3532319681
3533415512
3536509777
3536611667
3537857473
3539139809
3539242553
3540172935
3542150432
3543246666
3545782293
3547937480
3551146470
3551271130
3552067424
3555042288
3557132363
3558868015
3560781739
3562002509
3562883669
3565685590
3566172241
3570270725
3571495919
3572014709
3575852823
3578596192
3580548000
3581599684
3583797156
3584725866
3585663383
3586739780
3586907975
3587364969
3588579825
3588662999
3589892368
3590640821
3595162873
3596566695
3596874594
3597499294
3597976555
3600474320
3601180440
3602499378
3602783566
3602906553
3604286603
3604701618
3605251375
3605485785
3605497416
3605808370
3614929040
3617019566
3617282486
3617794845
3618277639
3621616681
3622443185
3622894994
3624440490
3628485741
3628577020
3630206391
3630514150
3631273177
3633453622
3635575591
3637135483
3639442355
3641114821
3641672046
3642042005
3645698785
3646499219
3647228091
3648398132
3648818011
3649200217
3652137257
3653166732
3655417562
3655955296
3659535405
3659735178
3660028153
3665048719
3668688055
3670222832
3671017422
3671310482
3673914361
3678464590
3680871607
3683765337
3684008578
3689573067
3691413659
3691675459
3692926783
3693362850
3693526969
3693695174
3696203870
3696811581
3701697890
3702675817
3704197800
3704836452
3706529277
3707358454
3712463507
3718210379
3720659350
3722179378
3722790543
3727054194
3727107181
3727390875
3727981265
3728331852
3728343358
3731337539
3731565893
3732388813
3735707325
3736055721
3736140728
3740396420
3742267435
3742852519
3743235661
3745745078
3745786005
3746746369
3749446609
3755254674
3756730949
3757505459
3759930166
3763121220
3764562016
3765251186
3766684001
3767245021
3768534228
3769067563
3769479129
3770098282
3774511471
3775188588
3777444414
3777957493
3779780940
3780539070
3780893537
3785479642
3787168641
3787970578
3790027312
3790422625
3790762475
3793200398
3794567503
3797340936
3798615667
3799815069
3801216132
3801878102
3802421411
3807250834
3807884945
3810267976
3810708023
3811832221
3813808088
3817879419
3817927941
3818919675
3820216326
3820366362
3822430714
3823091098
3824586159
3824836121
3824891718
3826187664
3826529910
3830101787
3831169924
3831901071
3832175476
3834056528
3834195544
3839048003
3840516062
3844791576
3847481127
3847502053
3848236880
3850376975
3852706196
3853398860
3853541484
3853669269
3854262065
3854912103
3856638814
3857339253
3857898364
3858605486
3858791331
3860008011
3861207837
3863311370
3865417546
3867216851
3868683767
3869878952
3870153284
3870483282
3871380921
3872970056
3874157716
3876194382
3876601143
3877773418
3878083385
3878100474
3878584392
3878882163
3880631590
3880819424
3881535541
3885459540
3885488249
3888353438
3888417172
3889149085
3890434819
3890582567
3891967539
3892684180
3892789751
3892887197
3896407748
3896909829
3898018889
3899728790
3903916226
3904876786
3906817591
3908666864
3910283187
3911947905
3913194997
3914362405
3914565913
3914602090
3915128032
3915716223
3919846568
3919982562
3925342578
3926554830
3932023985
3934239581
3937397095
3937901045
3938246748
3940098315
3940844762
3941183210
3942492693
3942693955
3943463018
3943814155
3944689348
3945304183
3946936077
3948435497
3948940440
3950951009
3953186248
3953731626
3954867487
3955119313
3958012622
3958101748
3958404740
3958943548
3959283095
3960322455
3963408291
3963447999
3965526564
3965913269
3966670316
3966859518
3967018673
3967213891
3972817795
3973328840
3975629183
3975955611
3977222548
3980699484
3980918921
3983636634
3985759604
3986883333
3987411659
3987706590
3987866108
3988345022
3990979668
3991488557
3994924749
3997210468
3997466563
3998142411
3998331277
3999628114
3999694557
4000160078
4003141810
4004132140
4005755378
4006015816
4006114248
4007586118
4010294502
4010958939
4011413253
4013440969
4013944251
4014019960
4014823283
4015845204
4018380621
4018719828
4030318482
4031309726
4031860963
4035675216
4038572264
4039559047
4040123478
4041139017
4045777273
4047429989
4048331695
4048816226
4048956451
4050403746
4051585046
4051915234
4052128262
4052771020
4052990950
4054546631
4056250016
4057380794
4058895198
4060944958
4067965567
4068519477
4068612856
4068927809
4071555724
4071568634
4073250705
4073365636
4074117241
4074997138
4076372563
4077649278
4077836031
4079950024
4080767705
4080956218
4081441063
4081452510
4086867312
4087176145
4088355397
4089595398
4091802483
4091918718
4092880627
4093311785
4093558877
4094580376
4096201815
4096310346
4096458008
4096898969
4097961226
4105551319
4107448850
4112512983
4114444695
4114494713
4114724209
4115799924
4116409734
4118250509
4120017149
4123724207
4125184223
4127424072
4129097501
4133686905
4135575913
4136082862
4137213378
4137577321
4139343349
4140292681
4144084222
4144571009
4146126960
4146850649
4147461675
4148871815
4153802968
4154516623
4155530494
4158120260
4158891121
4160544651
4164157115
4166311608
4166344451
4169848851
4170865214
4175932633
4176096485
4177133755
4178039313
4178044885
4183595806
4184687508
4184781957
4185965334
4187429993
4187599321
4188066771
4189786207
4189823665
4190054883
4191765026
4192221051
4193226535
4196724449
4200295993
4200561676
4203791278
4204815135
4206942027
4207436486
4207789119
4208748953
4210322366
4210322930
4211931496
4212852361
4213543626
4216983100
4217165328
4217530465
4217881686
4217984200
4218409280
4218965413
4219931334
4221045693
4223834132
4226993295
4227370224
4227947077
4230665175
4230758015
4231664738
4234546114
4235192738
4235905703
4237906277
4239756178
4240146985
4241692068
4241883993
4242770027
4242795336
4242996009
4247142337
4247364798
4247867018
4248180486
4249355820
4249447862
4250318439
4250611333
4253385479
4256157472
4263338103
4264297792
4265584003
4265799685
4265806140
4265963942
4266076381
4266093124
4269937127
4273543493
4274441346
4275257556
4276334765
4276853643
4278887745
4280102717
4280121557
4284011947
4285397040
4287813778
4288867375
4289786058
4291187821
4291406483
4291772187
4291998568
