# 01_sparse：期望脚本（`? ` 是命令参数，其余是上一条命令的期望 stdout）
? card samples/sets/01_sparse_a.txt
CARD|n=600
? card samples/sets/01_sparse_b.txt
CARD|n=660
? has samples/sets/01_sparse_a.txt 0
HAS|in=false
? has samples/sets/01_sparse_a.txt 12699431
HAS|in=true
? has samples/sets/01_sparse_a.txt 8948760
HAS|in=false
? has samples/sets/01_sparse_a.txt 4294967295
HAS|in=false
? has samples/sets/01_sparse_b.txt 8948760
HAS|in=true
? has samples/sets/01_sparse_b.txt 12699431
HAS|in=true
? has samples/sets/01_sparse_b.txt 12699432
HAS|in=false
? subset samples/sets/01_sparse_a.txt samples/sets/01_sparse_b.txt
SUBSET|sub=true
? subset samples/sets/01_sparse_b.txt samples/sets/01_sparse_a.txt
SUBSET|sub=false
? op and samples/sets/01_sparse_a.txt samples/sets/01_sparse_b.txt
RESULT|op=and|n=600|runs=600|bound=6040
12699431
14912667
15595986
29891733
42912330
44879017
60031891
61677646
67852120
76425935
77044947
78263131
97732926
108176679
129341355
129598020
137415554
143937165
147153328
149059461
151352322
171266516
177081710
178489365
181804919
182316664
207619277
216137669
219090109
221806386
223845069
225987905
232387645
262025294
271379538
278185916
280284134
282190987
297823283
316940278
332073398
335493335
336721756
351075757
353140574
360141635
368991718
380383333
386160332
393195031
394292253
425833305
426872299
434191117
448192642
451868070
467320633
473820754
478501405
482931150
483181543
487885468
493189853
500527170
517856743
521331566
526684899
527189113
528950045
539205420
546407217
546438544
557009550
568621637
569252854
569312072
570959408
573068623
588425020
617031871
620383175
625005288
629089463
632496529
642557847
652242564
676794092
679868417
682182038
684276643
684473178
692746352
698106304
699200372
699735685
703184965
704882834
708648705
722698154
735490487
739801900
740405354
749245403
767607972
770489847
771516993
782170931
786191525
790129478
793855004
801469236
807825580
824833452
825051066
838781103
838933794
841716033
842168371
851041488
858124522
859462609
898946114
909201426
911158671
914345297
921113911
929082237
942299664
942806224
964919703
965164526
1010867412
1021778875
1036188934
1043520147
1045227090
1047812504
1048282392
1056829350
1061875880
1069177368
1077889041
1084126991
1084510052
1091963195
1109095017
1117511472
1124289789
1131002649
1141721741
1142533059
1151675234
1153796941
1156059199
1161639323
1164430432
1170986137
1173949166
1195361577
1199092964
1202415113
1217753406
1219413707
1251903640
1260274357
1260600468
1261156298
1275368530
1278750475
1282071207
1284084649
1290910568
1297569436
1312572064
1314618380
1325046271
1326126351
1334183640
1364564164
1367258388
1369859715
1372585216
1377649363
1378015835
1401247154
1402987631
1405755008
1415945682
1427336671
1427842998
1449950026
1452958064
1487786727
1488041695
1517685151
1530866938
1536890790
1568999269
1581886344
1585683789
1587607280
1589940226
1591339541
1600767627
1604121440
1627193950
1627262047
1641749410
1644742655
1645190609
1650608701
1653026190
1657388121
1659042996
1686673018
1687639779
1688405213
1690516174
1690902483
1692550413
1710247541
1711417770
1714940781
1739830735
1744353974
1748949843
1749907714
1749980902
1759185843
1761133979
1767350602
1770383304
1770871454
1782802441
1802389093
1805706780
1811283104
1813483024
1815525889
1819002356
1824339577
1828542680
1834877152
1836831938
1839032793
1841370663
1849103388
1851623747
1853475351
1860321072
1865839386
1869148767
1869709112
1884352416
1893183866
1907545690
1912094279
1918980458
1934049177
1943263854
1944438531
1945078991
1945801174
1949193528
1950711504
1954548312
1961518812
1964326648
1981634736
1983099104
1987603483
2004233355
2005542837
2007238487
2042544277
2044299370
2044964192
2046621452
2047651101
2050233485
2051302959
2070686360
2074205010
2079120771
2085877113
2088716845
2098207739
2108582092
2109033755
2109479271
2118334660
2120952610
2128612054
2130647310
2131543555
2132409087
2133943594
2134880653
2136158212
2159524233
2166079963
2168770504
2170772794
2182131988
2182238946
2185188367
2186798875
2218806724
2232394304
2241445709
2244669745
2284037347
2289233909
2291474736
2298754375
2315599281
2319157354
2321538128
2336173988
2345152456
2348243007
2353614107
2355145907
2360986636
2362251767
2364208069
2364460515
2381510767
2387077435
2393858631
2396596552
2399308406
2410543547
2412248646
2428538229
2437170361
2437756336
2440166029
2441528359
2442472889
2444315214
2455171700
2458105383
2458996553
2464600186
2473494195
2473901641
2475420824
2493464468
2516875751
2538532051
2549877669
2556156295
2556718366
2564269780
2577929235
2588871642
2594430968
2601655089
2603728294
2627845444
2629560341
2646984595
2657416112
2660200717
2664356974
2669957166
2678484351
2680214890
2684613743
2687200901
2688824598
2692244451
2692530250
2695936009
2696475627
2697739142
2710836797
2712648795
2721039986
2732750833
2756841997
2757098112
2767978815
2771393214
2772130760
2785833462
2804482521
2805773684
2814082491
2819508018
2825378394
2831249086
2834362549
2847435825
2847993408
2857155606
2861801137
2866184168
2873230924
2880101622
2886934725
2887329210
2917028494
2918464236
2921008385
2921684794
2922849735
2925314200
2930256531
2946042812
2947754628
2958685542
2958962611
2959627441
2960886166
2962673390
2978900191
2979948067
2984150072
2993142832
3063003168
3065534430
3076273235
3076571280
3087268975
3090710887
3091194682
3095943113
3097579569
3099742820
3103863191
3104685207
3104752128
3115129455
3116092603
3116670570
3121027839
3122792638
3127719170
3133139614
3133301811
3135168940
3143068543
3151693229
3153640270
3163171993
3168645236
3175886458
3180819968
3185988098
3208131277
3210817305
3222621796
3226417850
3273502552
3287220586
3304144917
3307111463
3308828246
3312020853
3313578135
3326952192
3331639388
3334155129
3350510068
3363133047
3368431960
3391929705
3392192570
3393294014
3404093482
3413260904
3425157180
3432093432
3436914705
3454328295
3463814882
3469728271
3487531084
3492172929
3496101685
3497401811
3502048513
3517232185
3517826391
3520702644
3540806988
3541320959
3548087759
3551433998
3551835171
3554779857
3568691785
3575557873
3576477276
3577781685
3578391305
3582310979
3584356924
3602905339
3604461199
3616910610
3622211004
3624858824
3628687651
3633401729
3635673491
3637487554
3639409277
3657886308
3663577997
3673193179
3679702652
3705051345
3711351109
3713795408
3732760054
3742090925
3759243176
3763625724
3770231430
3783263731
3783458965
3786685144
3789809059
3799234375
3813159345
3824130210
3826524767
3831453524
3833353072
3846766928
3853782474
3861379123
3874941748
3878460638
3881325646
3881991977
3882360119
3883768994
3917211193
3918211386
3919500081
3922859107
3925824120
3933872219
3941053358
3948331066
3956804574
3956805588
3964964583
3966676167
3969340897
3977557044
3977616451
3979534254
3993912880
3995542295
3997498879
4015742155
4021722587
4024157143
4026928729
4042473796
4043751512
4055146971
4060219682
4081168815
4089286794
4094673530
4098459798
4100758737
4102576188
4106419759
4107132817
4133242483
4135466206
4145532724
4148105951
4154524379
4157825571
4163789026
4164771871
4165145865
4166608588
4174080611
4177326308
4188342050
4194170544
4195567711
4212028362
4215014022
4216868693
4219610223
4222611801
4223254744
4226425817
4259963672
4277440148
? op or samples/sets/01_sparse_a.txt samples/sets/01_sparse_b.txt
RESULT|op=or|n=660|runs=660|bound=6640
8948760
12699431
14912667
15595986
17109164
18459540
29891733
35219636
37605614
42912330
44879017
60031891
61677646
67852120
71475303
76425935
77044947
78263131
92685070
95973857
97732926
108176679
120123842
129341355
129598020
135066876
137415554
143937165
147153328
149059461
151352322
157397378
171266516
177081710
178489365
181804919
182316664
207619277
213985260
216137669
219090109
221806386
223845069
225987905
232387645
241244620
262025294
271379538
278185916
280284134
282190987
292470043
297823283
303879674
316940278
332073398
335493335
336721756
346569329
351075757
353140574
355521667
360141635
368991718
375692290
380383333
386160332
393195031
394292253
395290870
402965698
416937160
421802234
425194049
425833305
426872299
430827634
434191117
448192642
451868070
452176331
465456316
467320633
473820754
478501405
479544298
482931150
483181543
487885468
490057317
490771809
491663936
493189853
500527170
515383013
517856743
521331566
526684899
527189113
528950045
530868664
539205420
546407217
546438544
557009550
568621637
569252854
569312072
570368071
570959408
573068623
576961482
588425020
604464780
617031871
620383175
622723784
625005288
625246335
629089463
632496529
642557847
645583788
652242564
657029950
661735628
666356070
676794092
679868417
682182038
684276643
684473178
692746352
698106304
699200372
699735685
703184965
704882834
708648705
722698154
731030648
731481683
735490487
739801900
740405354
749245403
749586661
757229883
759208398
766328287
767607972
770489847
771516993
782170931
786191525
790129478
793855004
801469236
801655524
807825580
824833452
825051066
826286930
838781103
838933794
841716033
842168371
843192125
851041488
858124522
859279775
859462609
866435848
877056887
898946114
899877726
909201426
911158671
914345297
915717513
921113911
922488119
927713083
929082237
938745544
942299664
942806224
944352705
947198242
964919703
965164526
1010867412
1021778875
1036188934
1043520147
1045227090
1047812504
1048282392
1056829350
1061875880
1069177368
1077889041
1084126991
1084510052
1091963195
1109095017
1117511472
1124289789
1131002649
1141721741
1142533059
1151675234
1153796941
1156059199
1161639323
1164430432
1170986137
1173949166
1195361577
1199092964
1202415113
1217753406
1219413707
1251903640
1260274357
1260600468
1261156298
1275368530
1278750475
1282071207
1284084649
1290910568
1297569436
1312572064
1314618380
1325046271
1326126351
1334183640
1364564164
1367258388
1369859715
1372585216
1377649363
1378015835
1401247154
1402987631
1405755008
1415945682
1427336671
1427842998
1449950026
1452958064
1487786727
1488041695
1517685151
1530866938
1536890790
1568999269
1581886344
1585683789
1587607280
1589940226
1591339541
1600767627
1604121440
1627193950
1627262047
1641749410
1644742655
1645190609
1650608701
1653026190
1657388121
1659042996
1686673018
1687639779
1688405213
1690516174
1690902483
1692550413
1710247541
1711417770
1714940781
1739830735
1744353974
1748949843
1749907714
1749980902
1759185843
1761133979
1767350602
1770383304
1770871454
1782802441
1802389093
1805706780
1811283104
1813483024
1815525889
1819002356
1824339577
1828542680
1834877152
1836831938
1839032793
1841370663
1849103388
1851623747
1853475351
1860321072
1865839386
1869148767
1869709112
1884352416
1893183866
1907545690
1912094279
1918980458
1934049177
1943263854
1944438531
1945078991
1945801174
1949193528
1950711504
1954548312
1961518812
1964326648
1981634736
1983099104
1987603483
2004233355
2005542837
2007238487
2042544277
2044299370
2044964192
2046621452
2047651101
2050233485
2051302959
2070686360
2074205010
2079120771
2085877113
2088716845
2098207739
2108582092
2109033755
2109479271
2118334660
2120952610
2128612054
2130647310
2131543555
2132409087
2133943594
2134880653
2136158212
2159524233
2166079963
2168770504
2170772794
2182131988
2182238946
2185188367
2186798875
2218806724
2232394304
2241445709
2244669745
2284037347
2289233909
2291474736
2298754375
2315599281
2319157354
2321538128
2336173988
2345152456
2348243007
2353614107
2355145907
2360986636
2362251767
2364208069
2364460515
2381510767
2387077435
2393858631
2396596552
2399308406
2410543547
2412248646
2428538229
2437170361
2437756336
2440166029
2441528359
2442472889
2444315214
2455171700
2458105383
2458996553
2464600186
2473494195
2473901641
2475420824
2493464468
2516875751
2538532051
2549877669
2556156295
2556718366
2564269780
2577929235
2588871642
2594430968
2601655089
2603728294
2627845444
2629560341
2646984595
2657416112
2660200717
2664356974
2669957166
2678484351
2680214890
2684613743
2687200901
2688824598
2692244451
2692530250
2695936009
2696475627
2697739142
2710836797
2712648795
2721039986
2732750833
2756841997
2757098112
2767978815
2771393214
2772130760
2785833462
2804482521
2805773684
2814082491
2819508018
2825378394
2831249086
2834362549
2847435825
2847993408
2857155606
2861801137
2866184168
2873230924
2880101622
2886934725
2887329210
2917028494
2918464236
2921008385
2921684794
2922849735
2925314200
2930256531
2946042812
2947754628
2958685542
2958962611
2959627441
2960886166
2962673390
2978900191
2979948067
2984150072
2993142832
3063003168
3065534430
3076273235
3076571280
3087268975
3090710887
3091194682
3095943113
3097579569
3099742820
3103863191
3104685207
3104752128
3115129455
3116092603
3116670570
3121027839
3122792638
3127719170
3133139614
3133301811
3135168940
3143068543
3151693229
3153640270
3163171993
3168645236
3175886458
3180819968
3185988098
3208131277
3210817305
3222621796
3226417850
3273502552
3287220586
3304144917
3307111463
3308828246
3312020853
3313578135
3326952192
3331639388
3334155129
3350510068
3363133047
3368431960
3391929705
3392192570
3393294014
3404093482
3413260904
3425157180
3432093432
3436914705
3454328295
3463814882
3469728271
3487531084
3492172929
3496101685
3497401811
3502048513
3517232185
3517826391
3520702644
3540806988
3541320959
3548087759
3551433998
3551835171
3554779857
3568691785
3575557873
3576477276
3577781685
3578391305
3582310979
3584356924
3602905339
3604461199
3616910610
3622211004
3624858824
3628687651
3633401729
3635673491
3637487554
3639409277
3657886308
3663577997
3673193179
3679702652
3705051345
3711351109
3713795408
3732760054
3742090925
3759243176
3763625724
3770231430
3783263731
3783458965
3786685144
3789809059
3799234375
3813159345
3824130210
3826524767
3831453524
3833353072
3846766928
3853782474
3861379123
3874941748
3878460638
3881325646
3881991977
3882360119
3883768994
3917211193
3918211386
3919500081
3922859107
3925824120
3933872219
3941053358
3948331066
3956804574
3956805588
3964964583
3966676167
3969340897
3977557044
3977616451
3979534254
3993912880
3995542295
3997498879
4015742155
4021722587
4024157143
4026928729
4042473796
4043751512
4055146971
4060219682
4081168815
4089286794
4094673530
4098459798
4100758737
4102576188
4106419759
4107132817
4133242483
4135466206
4145532724
4148105951
4154524379
4157825571
4163789026
4164771871
4165145865
4166608588
4174080611
4177326308
4188342050
4194170544
4195567711
4212028362
4215014022
4216868693
4219610223
4222611801
4223254744
4226425817
4259963672
4277440148
? op sub samples/sets/01_sparse_a.txt samples/sets/01_sparse_b.txt
RESULT|op=sub|n=0|runs=0|bound=40
EMPTY
? size samples/sets/01_sparse_a.txt
SIZE|n=600|runs=600|payload=2825|bytes=2865|crc32=afe5e395|bound=6040
? size samples/sets/01_sparse_b.txt
SIZE|n=660|runs=660|payload=3098|bytes=3138|crc32=c8bea0bb|bound=6640
? pack samples/sets/01_sparse_a.txt var/01_sparse_a.bsf
SIZE|n=600|runs=600|payload=2825|bytes=2865|crc32=afe5e395|bound=6040
? unpack var/01_sparse_a.bsf
RESULT|op=unpack|n=600|runs=600|bound=6040
12699431
14912667
15595986
29891733
42912330
44879017
60031891
61677646
67852120
76425935
77044947
78263131
97732926
108176679
129341355
129598020
137415554
143937165
147153328
149059461
151352322
171266516
177081710
178489365
181804919
182316664
207619277
216137669
219090109
221806386
223845069
225987905
232387645
262025294
271379538
278185916
280284134
282190987
297823283
316940278
332073398
335493335
336721756
351075757
353140574
360141635
368991718
380383333
386160332
393195031
394292253
425833305
426872299
434191117
448192642
451868070
467320633
473820754
478501405
482931150
483181543
487885468
493189853
500527170
517856743
521331566
526684899
527189113
528950045
539205420
546407217
546438544
557009550
568621637
569252854
569312072
570959408
573068623
588425020
617031871
620383175
625005288
629089463
632496529
642557847
652242564
676794092
679868417
682182038
684276643
684473178
692746352
698106304
699200372
699735685
703184965
704882834
708648705
722698154
735490487
739801900
740405354
749245403
767607972
770489847
771516993
782170931
786191525
790129478
793855004
801469236
807825580
824833452
825051066
838781103
838933794
841716033
842168371
851041488
858124522
859462609
898946114
909201426
911158671
914345297
921113911
929082237
942299664
942806224
964919703
965164526
1010867412
1021778875
1036188934
1043520147
1045227090
1047812504
1048282392
1056829350
1061875880
1069177368
1077889041
1084126991
1084510052
1091963195
1109095017
1117511472
1124289789
1131002649
1141721741
1142533059
1151675234
1153796941
1156059199
1161639323
1164430432
1170986137
1173949166
1195361577
1199092964
1202415113
1217753406
1219413707
1251903640
1260274357
1260600468
1261156298
1275368530
1278750475
1282071207
1284084649
1290910568
1297569436
1312572064
1314618380
1325046271
1326126351
1334183640
1364564164
1367258388
1369859715
1372585216
1377649363
1378015835
1401247154
1402987631
1405755008
1415945682
1427336671
1427842998
1449950026
1452958064
1487786727
1488041695
1517685151
1530866938
1536890790
1568999269
1581886344
1585683789
1587607280
1589940226
1591339541
1600767627
1604121440
1627193950
1627262047
1641749410
1644742655
1645190609
1650608701
1653026190
1657388121
1659042996
1686673018
1687639779
1688405213
1690516174
1690902483
1692550413
1710247541
1711417770
1714940781
1739830735
1744353974
1748949843
1749907714
1749980902
1759185843
1761133979
1767350602
1770383304
1770871454
1782802441
1802389093
1805706780
1811283104
1813483024
1815525889
1819002356
1824339577
1828542680
1834877152
1836831938
1839032793
1841370663
1849103388
1851623747
1853475351
1860321072
1865839386
1869148767
1869709112
1884352416
1893183866
1907545690
1912094279
1918980458
1934049177
1943263854
1944438531
1945078991
1945801174
1949193528
1950711504
1954548312
1961518812
1964326648
1981634736
1983099104
1987603483
2004233355
2005542837
2007238487
2042544277
2044299370
2044964192
2046621452
2047651101
2050233485
2051302959
2070686360
2074205010
2079120771
2085877113
2088716845
2098207739
2108582092
2109033755
2109479271
2118334660
2120952610
2128612054
2130647310
2131543555
2132409087
2133943594
2134880653
2136158212
2159524233
2166079963
2168770504
2170772794
2182131988
2182238946
2185188367
2186798875
2218806724
2232394304
2241445709
2244669745
2284037347
2289233909
2291474736
2298754375
2315599281
2319157354
2321538128
2336173988
2345152456
2348243007
2353614107
2355145907
2360986636
2362251767
2364208069
2364460515
2381510767
2387077435
2393858631
2396596552
2399308406
2410543547
2412248646
2428538229
2437170361
2437756336
2440166029
2441528359
2442472889
2444315214
2455171700
2458105383
2458996553
2464600186
2473494195
2473901641
2475420824
2493464468
2516875751
2538532051
2549877669
2556156295
2556718366
2564269780
2577929235
2588871642
2594430968
2601655089
2603728294
2627845444
2629560341
2646984595
2657416112
2660200717
2664356974
2669957166
2678484351
2680214890
2684613743
2687200901
2688824598
2692244451
2692530250
2695936009
2696475627
2697739142
2710836797
2712648795
2721039986
2732750833
2756841997
2757098112
2767978815
2771393214
2772130760
2785833462
2804482521
2805773684
2814082491
2819508018
2825378394
2831249086
2834362549
2847435825
2847993408
2857155606
2861801137
2866184168
2873230924
2880101622
2886934725
2887329210
2917028494
2918464236
2921008385
2921684794
2922849735
2925314200
2930256531
2946042812
2947754628
2958685542
2958962611
2959627441
2960886166
2962673390
2978900191
2979948067
2984150072
2993142832
3063003168
3065534430
3076273235
3076571280
3087268975
3090710887
3091194682
3095943113
3097579569
3099742820
3103863191
3104685207
3104752128
3115129455
3116092603
3116670570
3121027839
3122792638
3127719170
3133139614
3133301811
3135168940
3143068543
3151693229
3153640270
3163171993
3168645236
3175886458
3180819968
3185988098
3208131277
3210817305
3222621796
3226417850
3273502552
3287220586
3304144917
3307111463
3308828246
3312020853
3313578135
3326952192
3331639388
3334155129
3350510068
3363133047
3368431960
3391929705
3392192570
3393294014
3404093482
3413260904
3425157180
3432093432
3436914705
3454328295
3463814882
3469728271
3487531084
3492172929
3496101685
3497401811
3502048513
3517232185
3517826391
3520702644
3540806988
3541320959
3548087759
3551433998
3551835171
3554779857
3568691785
3575557873
3576477276
3577781685
3578391305
3582310979
3584356924
3602905339
3604461199
3616910610
3622211004
3624858824
3628687651
3633401729
3635673491
3637487554
3639409277
3657886308
3663577997
3673193179
3679702652
3705051345
3711351109
3713795408
3732760054
3742090925
3759243176
3763625724
3770231430
3783263731
3783458965
3786685144
3789809059
3799234375
3813159345
3824130210
3826524767
3831453524
3833353072
3846766928
3853782474
3861379123
3874941748
3878460638
3881325646
3881991977
3882360119
3883768994
3917211193
3918211386
3919500081
3922859107
3925824120
3933872219
3941053358
3948331066
3956804574
3956805588
3964964583
3966676167
3969340897
3977557044
3977616451
3979534254
3993912880
3995542295
3997498879
4015742155
4021722587
4024157143
4026928729
4042473796
4043751512
4055146971
4060219682
4081168815
4089286794
4094673530
4098459798
4100758737
4102576188
4106419759
4107132817
4133242483
4135466206
4145532724
4148105951
4154524379
4157825571
4163789026
4164771871
4165145865
4166608588
4174080611
4177326308
4188342050
4194170544
4195567711
4212028362
4215014022
4216868693
4219610223
4222611801
4223254744
4226425817
4259963672
4277440148
