# 03_random：期望脚本（`? ` 是命令参数，其余是上一条命令的期望 stdout）
? card samples/sets/03_random_a.txt
CARD|n=3000
? card samples/sets/03_random_b.txt
CARD|n=3000
? has samples/sets/03_random_a.txt 0
HAS|in=false
? has samples/sets/03_random_a.txt 884026
HAS|in=true
? has samples/sets/03_random_a.txt 520302
HAS|in=false
? has samples/sets/03_random_a.txt 4294967295
HAS|in=false
? has samples/sets/03_random_b.txt 520302
HAS|in=true
? has samples/sets/03_random_b.txt 884026
HAS|in=true
? has samples/sets/03_random_b.txt 884027
HAS|in=false
? subset samples/sets/03_random_a.txt samples/sets/03_random_b.txt
SUBSET|sub=false
? subset samples/sets/03_random_b.txt samples/sets/03_random_a.txt
SUBSET|sub=false
? op and samples/sets/03_random_a.txt samples/sets/03_random_b.txt
RESULT|op=and|n=30|runs=30|bound=340
884026
131965886
274171261
419480986
572451265
690659010
880655534
1020473748
1168763119
1292752580
1434758450
1619632041
1758968886
1918843645
2060590416
2223310168
2348610867
2497517351
2634497893
2760921341
2893406185
3030627232
3159482402
3320333253
3442163196
3587364969
3743235661
3880631590
4010294502
4164157115
? op or samples/sets/03_random_a.txt samples/sets/03_random_b.txt
RESULT|op=or|n=5970|runs=5970|bound=59740
520302
884026
1076648
1524252
1542671
1619880
1622775
1681774
1681819
1784050
1825838
2058637
2363194
2417868
2716996
2734803
2921591
3698349
4117342
4477629
4530420
5143901
5147440
6479891
6825727
6833171
7121660
7287081
7673155
8281754
8526473
8637450
9823409
10653126
10658765
10928452
11817416
11929321
12144450
12252847
12294728
12419115
12487450
12570075
12627087
13028504
13060534
14657845
14879227
14915692
14933651
15006060
15931674
16075618
16084773
16193684
16326185
16459675
16933594
17062802
17300845
17394077
17617921
19803804
19892990
20354254
20359216
20635368
20827110
20831049
21400624
21676450
21710140
21954300
22065972
22070684
22459428
22942354
22999123
23206630
23216334
23273408
23524845
23806327
24467841
24595776
24678132
25159454
25393052
25809116
25900960
26523187
27103096
27632332
27961313
29287586
29439370
29489065
29590385
29919095
30174414
30200339
30706878
30934842
31690778
32068971
32470448
33039680
33306751
33473776
33496563
34003142
34046353
34707399
35877947
35966980
36110489
36577849
37346585
37397850
37711487
37928226
37933450
38266183
38380827
39138018
39158484
39337882
39622915
39800639
40248587
40522829
41826782
41886226
41959291
42446297
42631068
43644413
43655956
44255822
44787446
44859285
45296441
45412178
45450183
45578418
45893547
46510100
46744744
46941354
47182306
47185596
48072175
48121576
48830893
48880774
48886735
49261909
49425414
49504104
49544665
49662989
49714203
49846768
49904739
49955317
50260786
50373584
50377568
50419915
50430144
51557133
51661746
51840351
51969565
52013271
52604384
52836017
54634725
54875554
55220219
55221376
55225684
55313609
55487561
55579611
55766430
56119303
56169778
56442001
56858874
57028590
57367422
57904287
58071386
58553132
58909512
58915861
59294075
59600241
59697334
60426495
60881188
61400857
61426212
61817437
62210261
62530692
62961618
63144810
63344126
63558078
63994838
64382622
64585005
65331660
65338961
65378720
65634807
66377711
66552950
66752260
66936255
67294222
67431115
67647968
68281931
68505952
69914174
70077718
70238418
70932784
71016880
71116490
71495972
71543769
71724325
72177394
72780871
72868227
73061777
73208457
73249474
73404904
73497099
74261229
74425477
74484548
74625499
74666327
75015750
75213993
75599189
75650066
75780646
75802842
76049298
76312261
76326933
77194385
77466012
77467921
77563241
77968007
78446049
78748662
78934343
79371020
79934180
80131695
80188772
80282473
80653925
80851871
81576602
81830589
81877921
81914416
83395945
83648626
83745725
83965723
85004390
85124623
86033387
87578633
87828047
87853461
87857400
88412527
88648561
88761827
88774961
89191306
89510761
89514261
89693411
90763267
91172456
92041666
92224458
92571722
92597034
92845523
93818263
95346693
96074882
96274175
97262366
97356387
97538227
97777844
97827775
97851697
98030644
98061478
98331277
98386374
99000264
99681879
100069756
100288860
100347140
100371642
100742951
100807679
101658214
101851692
101946173
102205539
102340422
102712750
103554740
103819161
104122293
104611071
104810818
104830782
106013358
106119532
106562802
107164930
107280825
107605724
107842670
107985673
108378367
108874270
108934642
109029723
109253984
109288004
109574624
109606496
109798351
109950112
110044692
110183965
110696672
111241151
111352703
111458878
111745960
111977483
112581320
113022691
113023086
113050040
113112189
113363432
113891285
114378683
114555109
114578617
115034279
115127096
115612386
115939670
116092664
116204890
116367239
116903958
117182847
117492501
117699260
117783176
118035621
118080780
118137333
118296785
118311233
118335020
118711240
118867506
119231498
119488352
119587245
119662159
119731610
119841774
120132962
120211736
120562583
120600862
120684395
120948216
121315219
121551843
121552556
122064627
122227748
122258128
122563579
122630689
122709259
122739866
123007596
123134418
123267924
123645731
123765347
123797771
124303695
125270804
125594548
125811170
125876111
125930152
126009265
126036167
126085192
126460414
126547738
126556803
127411198
128019565
128293184
128717482
128997219
129058199
129739404
130292198
130435229
130464946
130597665
130755856
130780899
130824090
130872163
130913247
131386084
131481822
131965886
132297627
133367354
133541611
133645492
134121383
134469614
134821435
135061987
135129483
135378967
135382182
135462106
135654555
135970919
136188204
136271759
136476742
136729536
136884715
137044305
137616367
137777630
138029089
138248060
138264915
138386354
138394622
139335546
139543537
139562842
139657620
139768075
139810844
139832027
140484794
140526755
140962456
141002756
141171693
141242875
141474138
141476429
141986230
142481049
142817286
143339615
143650141
143887297
144014878
144021876
144058617
144140343
144522083
144667420
144849878
144850287
145481896
145795823
145796593
146203490
146304969
147275835
147496539
147793236
148118021
148133232
148201532
148225276
148435151
148783077
148843145
149535688
149551825
149643919
150196078
150363818
151015537
151425608
151527180
151541948
152753983
152959445
152982336
153666699
153843355
154184932
154816835
154968820
155150967
155391557
155679970
156550460
156563723
157130981
157675929
158690772
158922813
159466813
159915167
160634845
160821413
160862213
162913743
163685921
163812612
164184241
164526014
164643203
164688625
164984382
165658246
166841802
166924724
167091866
167345243
167354101
167386896
167887876
168022987
168194603
168238240
168761777
169263479
169353299
169445557
169538245
169634979
169858595
169983497
170030659
170834653
170852102
170882421
171489251
172020265
172054472
172420781
172551518
172752281
172781977
172793731
172864752
172875384
172983094
173074069
173159241
173693806
173810860
173960036
174156361
174420436
175036570
175045614
175480941
175760304
175784775
176041772
176145356
176403892
176437269
176451937
176811460
176983805
177042530
177073446
177097611
177200062
177741898
177895789
177967064
178765963
178836793
178946046
179168462
179223404
179868557
179876043
179979271
180389870
180406392
180564843
180813553
180841572
180963751
180979525
181567150
181784930
181998201
182004051
182052821
182175111
182409992
182895813
183123313
183236550
183366103
183646145
184052936
184378485
184830976
185022924
185085436
185306912
185521879
185896842
185931821
185990284
186142472
186761983
187276987
187300092
187607319
187666594
187860716
187988255
188180096
188614718
189142286
189373654
189558509
189886619
190662546
190803897
191019422
191028116
191285685
191347629
191460492
192486508
192616042
192701628
192722525
192912273
193082802
193128343
193189455
193456673
193900138
194148107
194500689
194733009
195535021
196550970
196715957
196905157
197414808
197513200
197653322
197742448
197883940
198381830
198938806
199946561
199995602
200113883
200207292
200370356
200459964
200485745
200542418
200600845
201063050
201208510
201282122
201516104
201815773
201851775
202127838
202852231
203020176
203025739
203394017
203403179
203664793
203775037
204298007
204935632
205977661
206105561
206295601
206324252
206806150
207001365
207252003
208309567
208770443
208943963
209603474
210719030
210857362
210922139
210922312
211438832
212268621
212384653
212402529
212420001
212718851
213390260
213972306
214172222
214412368
214723096
214934661
214954586
214970529
215018002
216542776
216618796
216705628
217647378
218575371
219611058
220459383
220516291
220850067
220992885
221144130
221361261
221737446
221931775
223078131
223968672
224119451
224442855
224608319
224793764
225236984
225738978
225799526
225949649
226125862
226462688
226827697
227056595
227118955
227473404
227676822
227884223
227942213
228346996
228379887
229006210
229109016
229224873
229685616
230298553
230371393
231704337
231852213
231962914
231997510
232235643
232272367
232402963
233495236
233636056
233642870
234070730
234283473
234336306
234536051
235998033
236407890
236721300
236861388
237293908
237589017
237620743
237698157
238222976
238477969
238545893
238562070
238938335
239737717
239740733
239804190
240027115
240293785
240554343
241215308
241237224
241720263
242198779
242513329
243030722
243164981
243315016
243553644
243694354
243940497
244125957
244137821
244879596
245707602
246142734
246345026
246694480
247064600
247070558
247823939
247942988
248089660
248209559
248257677
248699712
248914463
249044341
249414829
249927997
250020616
250385160
250646549
250870921
251419135
251658857
251877847
253053084
253075950
253275417
253309667
254293214
254454816
254817544
254825727
255206065
255437401
255648058
255762897
256007876
256103050
256209445
256472515
256574951
256686544
256929307
257341621
257672214
257673692
257791596
258073318
258175887
258221018
258915328
259456431
260001737
260264462
260301795
260554649
260952430
261003580
261092305
261421819
261434139
261692029
261947501
262436321
262515546
262985793
264327592
264631193
264947784
265098184
265435376
265534414
265835720
265887149
266006871
266147335
266335943
266375505
266529244
266760823
267495509
268097688
268462558
269038663
269185609
269900650
270178493
270663378
271000285
271171656
271172242
271509431
272439413
272446724
272529906
272730779
273369280
273581881
273633044
273674978
274087857
274171261
274982241
275190099
275230385
275231022
275555952
275769497
275822714
276457730
276754426
276907271
277457658
277543967
277851855
277857365
278047045
278712410
278726747
279020767
279391629
280197616
280249351
280676095
280966134
281274720
281573503
281699753
282046004
282402545
282461787
282603844
282814245
283347674
283844344
284243774
284454492
285136873
285225738
285241448
286223991
286354973
286494203
286520407
286524166
286852734
287025636
287139164
287924506
288152620
288342141
288587336
288735780
288811753
288826365
288872426
288888488
289116885
289463018
289573840
289632065
289654880
290507361
290542695
290694543
290886645
291108384
291445598
292059156
292192273
292201045
292873723
292918500
292952680
292961758
292993962
293060927
293630052
293931877
293972788
293977554
294443322
294814272
295708695
296014407
296219613
296324652
296742025
297365338
297919340
298015596
298366533
298576750
299226086
299357437
299386007
299565446
299632204
299755774
300005649
300210779
300922408
301031317
301163916
301264169
301895819
302005988
302316059
303480218
303619378
303673243
303689467
303712785
303842353
304435867
305761988
306299976
306354561
307301513
307302242
307925649
308788834
309147405
309589620
309638690
309955790
310793555
311141037
311353851
311356953
311384671
311682275
311741317
312456235
312686066
313064755
313608361
314363425
314718957
315843690
315940851
316153081
316501020
317206357
317393001
317457109
317593242
318048463
318655406
318841602
319007912
319221618
320057747
320148017
321382869
321825204
321972385
322538528
322553077
322914632
323823586
323952634
324671447
324812035
324879883
325003740
325362483
325659762
325692778
325706388
326118697
326123857
326290045
327542844
327702512
327807822
328237329
328363961
328704946
328828106
328932040
329519170
329904137
330090040
330256480
330319125
330355223
330492351
330523012
331139047
331686656
331694834
331921695
332939259
333348046
333724900
333815920
333912135
333923459
334466150
334761836
335115263
335417805
335679075
335870573
335871015
336140432
336637138
337552109
337698332
337803312
337921585
338190674
338272695
338573116
338892453
339334134
339826393
339914698
340348819
340522251
340742189
341046008
341090137
341780089
341889623
342975185
343127440
343518331
343893790
344163068
344193249
344717112
345000509
345104889
345394432
345531732
345721915
345744991
345874379
346035662
346245085
346482899
346617764
346697053
347044838
347344005
347613542
347726509
348077451
348113332
348248656
349124790
349772414
350252752
350463703
350811083
351008265
351039285
351220095
351234886
351416101
351561323
351880150
352216302
352253226
352425618
352646613
353075190
353461012
353725349
353750165
354328120
354976118
355120464
355232481
355309207
356643794
357210581
357712669
358480721
358623508
358787177
359025803
359241632
359678976
359929204
360030997
360153249
360163897
360306366
360542470
360780640
361508242
361832563
361993641
362151740
362269899
362449531
362623402
362810091
363014839
363112153
363436690
363482121
364302326
364578727
364831385
365112886
365244658
365398227
365414639
365568141
365777669
365842775
366112407
366307499
366379128
366528217
366968468
367155634
367163242
367264477
367375420
367430417
367886762
368150450
368600321
369091634
369758010
369763776
370281952
370459376
371564359
371865545
372218593
372412821
372528920
373189266
373533901
373685426
373688821
374518169
374858332
375375293
375410614
375437348
375497378
375751210
375774234
375779668
376143246
376667284
376757175
377114011
377458107
377498399
377549672
377580792
377768373
378317298
379392374
379465019
380441105
381637106
381754275
381804364
381899019
382175052
382627666
383330589
383396292
383884932
384672790
385120964
385664269
385734579
385914816
385996190
386089450
386408716
386850616
386902192
387252412
387368791
387390118
387804766
389117558
389316551
389383564
389426148
389517473
390644965
390931309
391094314
391895137
392976032
393152818
393183304
393292113
393406246
393634573
393900216
394215884
394909402
395513926
395682033
396254328
396684034
397220025
397268344
397377980
397925390
398064531
398357049
398427338
398510642
399397532
399524542
399701607
400699673
401545671
401595633
401779764
401842296
401879354
402005006
402635306
402730305
402998328
403278392
403471837
403656633
403955171
404092998
404396118
404435654
404746648
404906369
405413750
405798876
406097607
406476580
406623290
407018226
407178852
407444438
407456572
407876843
407896396
408505343
408543085
409165342
409663735
409703317
410596708
410598408
410600524
411470694
411584084
412194164
412195876
412419792
413117053
413272444
413617554
413717441
413727069
413799778
413814937
414135198
414846761
415025217
415179048
415251477
415651875
415757873
415850972
416198364
416252464
416900638
417230611
417317485
417870537
417953653
418034923
418069917
418611010
419197966
419480986
420070024
420455703
420590683
421028589
421287904
422988598
423074798
423112840
423212961
423404661
423512393
424217875
425007804
425062937
425532236
425591052
425634160
425667430
425746429
426806065
426883880
426915508
427104738
427203047
427687895
427917475
428475400
428814198
429082338
429521592
429644557
430299269
430555277
430835176
430893076
431308656
431635014
432085687
432182240
432253915
432377646
432478282
433121592
433313574
433361763
433689933
434519787
434604368
435051283
435213623
435752152
435860990
435953978
435973526
436083206
436244485
436266372
436471471
436931846
437258617
437282984
437323955
437383362
437383377
437493021
437529500
438562805
439093304
439983914
440622764
440795011
440922357
441426724
441508967
441847308
441895184
441968349
442712385
442979470
443012749
443348109
444227521
444296140
444747003
444773139
444881535
445212808
445662315
447269160
448277571
448485478
448714911
449301174
449355259
449470847
449863055
449953235
449978650
450020480
450112921
450181242
450397200
450503742
451174055
451349710
451471136
452306611
452578398
452692388
453236093
453242766
453529009
453999864
454596639
454674519
454898031
455019244
455314749
455481935
455714694
456059815
456182691
456320833
456565876
457303996
457583880
458021814
458380171
458594717
458605959
458666836
458707663
458908244
459318698
459502053
459631588
459741159
460094314
460302412
460499315
460531951
460702279
461238368
461406447
461428543
461630558
461969545
462011367
462577376
462685015
462984299
463269511
463399146
463556957
463827665
464550094
464753486
464886305
465798851
466545384
466652366
466671816
467572506
467903807
468311927
468376947
468624726
468890766
468924487
468992742
469126610
469315542
469462626
469511467
470130240
470623611
470648355
470870244
471832896
471968961
472069916
472102095
472547924
472619306
472783739
472897957
472968100
473049345
473154442
473290791
473468193
473752664
474247236
474252133
474505898
474959376
475003054
475292538
475453388
475459632
475577110
475760473
475784509
476000701
477195865
477248580
477321457
477403438
477896381
477949228
478502229
478640790
478758666
478999373
479194567
479922907
480047954
480063793
480298307
480301973
480526764
480799624
481129703
481799386
482263940
482578204
482753197
483031240
483170323
483754935
483866874
484455112
484731217
484872018
484943040
485046717
485191455
485281701
486193670
486735086
486877100
487046790
487879347
488145420
488284106
488941654
489370926
489914075
490035987
490863854
490937162
491159375
491231836
491755602
492439887
492610821
492687193
493058649
493516404
494013176
494077913
494307223
494357476
494413947
494638792
494918562
495603159
495613699
496087116
496091572
496586826
497170982
497323266
497765943
498112230
498427172
498544042
499063950
500262940
500305136
500305872
500846655
501237936
501463494
501603230
502374748
502426185
502471024
503080352
503140988
503397635
503494673
503513264
503841320
503917380
504192135
504372961
504639624
505542570
505606091
506356972
506410376
506725215
506778286
506855597
507402932
507698290
507981753
508238806
508453088
508795567
508998721
509672982
510634961
510870530
511680733
512085565
512257912
512624101
512682209
513001397
513225533
513330965
514028187
514127940
514567360
514937484
514943056
515234808
515329654
515334132
515337563
515678777
515681038
515831387
515976733
516137710
516292388
516350816
516546097
516855623
517123286
517729887
517943882
519074587
519099185
519163759
519195987
519856645
520003531
520315993
520370002
520475297
521936667
522068235
522334192
522540615
524143873
524160981
524196013
525007053
525439754
526052572
526249692
526376344
526719525
527041116
527641550
528131812
528293386
528960414
529417447
529427388
529429144
529571082
529685394
530026597
530333804
530902216
531211309
531353608
531548371
531611686
532186304
533486136
533579016
533929520
533990753
534717994
534819807
534895825
535029573
535073377
535188761
535669704
536014540
536196748
536606735
536770010
537864568
538007830
538392459
538439598
539091717
539542146
539567169
539628635
539711657
539924946
540272521
540616457
540909418
541052794
541294516
541371741
541525189
541580926
542028575
542551697
543368940
543453376
543747443
544312546
544751594
544814006
545284904
545345280
545623274
545626603
545694843
546389084
546455627
546645193
546646047
546778693
547070290
547085646
547780917
547989619
548558789
548725301
549001637
549095922
549272665
549423478
550003570
550040117
550184405
550326477
550755359
551029930
551665824
551697248
551708225
551896404
552111460
552322459
552556641
553191018
553513302
553561745
554026582
554981371
555693690
556064105
556085595
556515067
557045225
557065213
557347974
557468813
558136555
558207752
558590296
558603942
558938238
559381168
559561282
559764479
559872115
559956369
560166689
560229423
560234349
560616515
560617412
560686133
560981940
561057432
561494061
561584114
562022958
562146681
562179609
562551284
562796537
563209071
563544864
564009606
565136959
565947089
566000130
566940196
567037232
567084010
567254563
567566758
568942999
569308885
569311933
569433587
569512620
569518220
569749424
569907284
569918308
569959295
569985022
570059011
570373920
570386423
570755294
571132858
571273003
571341437
571676944
571709641
572116470
572451265
572960350
572979262
573106682
573646373
573897713
574008545
574370731
574374374
574645851
574846227
574860289
574861985
575185146
575316584
575322954
575500603
575586780
575991923
576272400
576412302
576555664
577139560
577487517
577556523
578080550
578268143
578303983
578315661
578381680
578390951
578476556
578864436
579077162
579973383
580000836
580038521
581349301
581527227
581748621
581846805
581902147
582069756
582427451
582791367
582979130
583123689
583190660
583383336
583983940
584093586
584572289
584883228
584886759
585300874
585599952
585838591
586093313
586412681
586602225
586632408
586776887
587121293
587511868
588043927
588958733
588987351
589991455
590030190
590238951
590463628
591222021
591223782
591313499
591503664
592043981
592196787
592965100
593437887
593558292
593677705
593921127
594172304
594288414
594426746
594931061
594937699
595152372
595287853
595370360
595880924
596030362
596519679
596702275
596918264
597033550
597162457
597216268
598249121
598292764
598484324
598577393
598623458
599014624
599080914
599212022
599687112
600180946
600370096
600989806
600993884
601228126
601294824
601352660
601868838
602109725
602131025
602481987
602736630
602813149
603561644
603624267
603948978
604074758
604337947
604842456
605490050
605510612
605560825
606231634
606283159
606552235
607008758
607778628
608216975
608271188
608434282
608958725
609051642
609587276
609786546
609965132
610198015
610333555
610388707
610930838
611002961
611036608
611489373
612231512
612255650
612883084
613208860
613413940
614040503
614592337
615042126
615797226
615863647
616367911
616617820
616625371
616732442
616774196
616803690
617097217
618059229
618490993
618670480
618957029
619038792
619097987
619191293
619931904
620065347
620109480
620302975
620314504
620596951
621075387
621743349
622534970
622826298
622828856
622894125
623750916
625163441
625505877
625705722
625846503
627092365
627553271
627735198
627893555
628094138
628257197
628686271
628697168
628734225
628874949
629185654
629804020
630201419
630311810
630335811
630397494
631243374
631429653
631733925
631897888
632303763
632305265
632328576
632768076
632787136
632793602
632798643
632852643
632865211
632898865
632959045
633167929
633531158
634157424
634441179
635840292
635945525
636425799
636658026
636678660
636845781
636910693
637310887
637559033
637764946
638191980
638541076
638562489
638747583
638862918
639950389
640675321
640724397
641135057
641321421
641350314
641776095
641992937
642194542
642789375
643624456
643626881
643820981
644262952
644377900
644386466
644405692
644479263
644592840
645060697
646398232
646677648
646952754
647128198
648078774
648150315
648295335
648364119
648968748
649528828
649684625
650165523
650712041
650749917
650765490
650886463
651008964
651261941
651375775
651414202
651823311
651942329
651953628
652597314
652895968
652902786
653257793
653316957
653475167
653499203
653608262
653784136
653791238
653927720
654024247
654074282
654092426
654173278
654312773
654667987
655290902
655647468
655671629
655885306
656248010
656561658
656657758
656725815
656876776
656961686
657132670
657346075
657977822
658241749
658355388
659196340
659646500
659661544
659958033
659978441
660094862
660295544
660847178
660987882
661120344
661155549
661588325
661678443
662031260
662221015
662222813
662343537
662408814
662873042
663180355
663490945
664406343
664423775
664433317
664470990
664677181
664769141
665460858
665589450
666136373
666310993
666391972
666781272
666782073
667336854
667359466
667391457
667484776
667588553
668130431
668185589
668237006
668641175
670465021
670467380
670632247
670792669
671023696
671040477
672047399
672054951
672443421
672666150
672735996
673105604
673245479
673798073
673801405
673866439
673895036
675287652
675358363
675624151
675923843
676556252
676737326
676771378
677066526
677294842
677661175
678804347
678842857
678889886
679285986
679377937
679392254
679523302
679574568
679805524
679980914
680098112
680652658
681027062
681965475
682057613
682170699
682387374
682558870
682588545
682647516
683001623
683081491
683458106
683680945
683956752
684154719
684396932
684658403
684683536
684876054
685044021
685135224
685173321
685188945
685258201
685389744
685484087
685632821
685662364
685912593
685988936
686102468
686481946
686528031
686786968
686797529
687254260
688657327
688933328
689401128
689724545
689802288
690327564
690446882
690455397
690659010
690772322
690877319
691167987
691457962
691513879
691681117
691793574
692357877
692565433
692619173
692661113
692756853
692784674
692861919
693029153
693100166
693310825
693462884
693760628
693875692
693970248
694846148
695126096
695435726
695698755
695702278
696286528
696560143
696565525
696798950
696865091
697074063
698324722
698876950
699495305
699695277
699949894
700045824
700209916
700320983
700451002
700515669
700809455
700943229
701491362
701666543
702260199
702645028
703133005
703501892
703507174
703798639
703968709
704122275
704431816
706799183
707359910
707965898
708018469
708292079
708351671
708503488
709325860
710300719
710648112
710778774
711659790
712018223
712449915
712557890
712558625
713376601
714114506
714336174
714626318
715466859
716225303
716454883
716469228
716768505
716938229
717042071
717072378
717634553
717824571
718588043
718723424
719444307
720274196
720310123
720777292
721042767
721727659
722382014
722482269
722642211
722700894
723135805
724231595
725878051
725898482
725992906
726528362
727184001
727198076
727379053
727442119
727624188
728113839
728910410
729292128
729636866
730036162
730413041
730564994
730625146
730640827
730701832
731729865
732695203
733142767
733358287
733491864
733997492
734367355
734406038
734702599
734725650
734893194
735083651
735154932
735303668
735693771
736680057
736704422
736765639
737187891
737826662
738099476
738099646
738273379
738343667
738374050
738587249
738727494
738822033
738943741
739283638
739785485
741125362
741265522
741408105
742195809
742743555
742857742
743495384
743873915
743998981
744238388
745196446
745794085
745938140
746232973
746292299
747688830
747712559
747937125
748015846
748041212
748099511
748523196
749161089
749465146
749995995
750233834
750282567
750307565
750416018
751310874
751406634
751544381
751969887
752139727
752493727
752643355
753299364
753649387
753813274
753905666
754049568
754275845
754291188
754424136
755035049
755173757
755455934
755507183
755595741
755643110
755700597
755785961
755914361
756371416
756481301
756562483
757470277
757630226
757743145
757956860
758082343
758337608
758674761
758869189
759186709
759520275
759625611
760952281
760985198
761614371
762275645
762285197
762362893
762656595
762658572
762780618
762876050
763052622
763926159
764616893
764792166
764820055
764944452
765595281
765645555
765913471
766107959
766274408
766348934
766526809
767280149
767323423
767480555
767578033
767602339
767787967
767857324
768086493
768157155
768364280
769603265
769766415
769825540
769847548
769946626
770206302
770978476
771128339
771242441
771416803
771830076
771839199
772175087
772455312
772893082
773269590
773304538
773625969
773632077
774578679
774963186
775553990
775581171
775870880
776003136
776041780
776135053
776886571
776977295
777281991
778224515
778277546
778279407
778981078
780047098
780365321
780564012
780832151
782168932
782361049
782838399
782952378
783178488
783195747
784136613
784550152
784846861
785379974
785621585
785958127
786173417
786407216
786563530
786597037
786749355
786783777
786799549
787265759
787350024
787645378
788153893
788671911
788716771
789396254
789531237
790077736
790718037
791109983
791270605
791293222
791469410
792308964
792371470
792435886
792721606
792791291
792865031
792908655
793316458
793359304
793579886
793586863
793608243
794131389
794230380
794995708
795802545
796987589
797050738
797692080
797819507
798273896
798360804
798541708
798878951
799330442
799521979
799551584
799701416
800396339
800800303
801265976
801486509
801647441
801721849
802088221
802548835
802609240
802860553
803391164
803706194
803741095
803986811
805147234
805431363
805539802
805600507
807878899
807972649
808034892
808075657
808940933
810297881
810643981
810651211
811114772
811410823
811689883
811815997
811947045
812204764
812255611
812420044
812602601
812653217
812750519
812818723
813000525
813416086
814240023
814483127
814604380
815437985
815503482
815820702
816196610
816737694
816964871
817473462
817588351
817760153
817906219
818074978
818133088
818237831
818257802
818579675
819158897
819391590
819481069
819936769
820190922
820551699
821392910
821402579
821469074
821901642
821955424
822253229
822449785
822606619
822638671
822950884
823007122
823128030
824211296
824344851
825210393
825249836
825485984
825598995
826198944
826359944
827410593
827422768
828109859
828129017
828537265
828562303
828567587
828691419
828751586
828834923
829782812
829797541
829869495
829887214
829955156
830163531
830541206
830634350
830669623
830705639
830821393
830976415
831535625
831953650
831980279
832205114
832253505
832354517
832607169
832740442
834134690
834134933
834620214
834879077
835078280
835117144
835307397
835440927
836534942
836627819
836704778
836706107
837134324
837534166
837614071
838033103
838727381
838791033
838831337
839329816
839446318
840165369
840351925
840547665
841346505
841545920
842473456
842575585
842804758
842812230
843054243
843981984
844629904
844963138
845126297
845149866
845773492
845860743
845992726
846107015
846563539
846605072
846956176
847894460
847932235
848597127
849173210
849459506
849770454
850876440
851020358
851359858
851543665
852237233
852356081
853251787
853744051
854279848
854315982
854498571
854737388
854878722
855025177
855703262
856086714
857085622
857670600
857820787
857949151
857961604
859554579
860005111
860107493
860144058
860176204
860341325
860608546
860740072
860797545
860810207
860955915
861688124
861915742
861923101
862333181
862908549
862935414
863516402
863632143
864006710
864023568
864123677
864923251
865341874
865941155
866362907
866569943
867038044
867071219
867911068
868065784
868178935
868301137
868415667
868595870
868737980
868762201
868770109
868800373
868928844
869364258
869942812
869974002
870156252
870292105
870560179
870964058
871037448
871860635
871947857
872232194
872704291
873336955
873418595
874023492
875245591
876040105
876085145
876415352
876688538
876790000
876917176
877165645
877380095
877728180
877758080
878083739
878121165
879150568
879342432
879446890
880655534
880961473
881119658
881141122
881414785
882255132
882269063
882658687
883272958
883607377
883866536
883907749
884307769
884511643
884687617
884927924
884973005
885378303
885598737
886278319
886607240
886898014
887035582
887359001
887467349
887545189
887592719
887995570
888863694
889118952
889292961
889615507
889695045
889877284
890276029
890428674
891047759
891084220
891104582
891285591
891408697
891805206
891876781
892758530
892890036
893978723
894155517
894513291
894536529
894723100
894979557
895090126
895167538
895220689
895406025
895540785
896592067
897260930
897316215
898132913
898166031
898277199
898503694
898835081
899155431
900213288
900280455
901444049
901553545
901974041
902222741
902556505
902638714
902674992
902926020
903021329
903292302
903663219
904078814
904112592
904534778
904968456
905005575
905307338
905450121
905453164
905849952
905981043
906065315
906091747
906119832
906189946
906534867
906547612
906956258
907034264
907151088
907191526
907310947
907469551
907863780
908123990
908498596
908758448
908846064
909082588
909279245
909392150
909636263
909647290
910000156
910000881
910069108
910306990
910468689
910558962
911076368
911179500
911543116
911748541
912471818
912651316
912666849
912737202
912790258
912899462
913016189
913349264
914289173
914594699
914894395
914958084
914968400
915127800
915256043
915358856
915868427
916070746
916351062
916789947
916791671
917956613
918020379
918209727
918348441
918429356
919142183
919524171
920205191
920312364
920568749
921049312
921445873
921563970
921608470
921985010
922190237
922410211
923034521
923663186
923707951
923871730
924030927
924300809
924596330
924858339
925411798
925509877
925563311
925841635
925844835
925960351
926246916
927667059
927791331
928332921
929481734
929677084
929925204
930107468
931103237
931226060
931367558
931562286
931781810
931844724
932053693
932260881
932278575
932829488
933057340
933135938
933292867
933604796
933790248
933851734
934020991
934102930
934397517
934957511
934983667
935847608
936038478
936212812
936283657
937133499
937334409
937868900
938056791
938617447
938621067
938851015
939336178
939467880
939862072
940000525
940128862
940143587
940466560
940611056
941186998
941269958
941489705
941736806
942044433
942048903
942315703
942370890
942754236
942795585
943115175
943604454
943891168
944474029
944576877
944620743
944711304
944911158
945345929
946019689
946105908
946334783
946714538
946873087
946936959
947045467
947371967
947391825
947779861
947780526
947830539
948026441
948176691
948309738
948744864
949128187
949192926
949316233
949720762
949775926
950299199
951019977
951308217
952261038
952754701
952780525
952856473
953456139
953525357
953640928
954545745
955006564
955477344
955522417
955643662
956593825
956610188
958465121
959599626
959700621
959985444
960317561
960484098
960581682
960700216
960830658
960895816
961023297
961921472
962002949
962108169
962272426
962298503
962301404
962369616
963336707
963599419
963809752
964218775
964449309
964628622
965672404
965702861
965821160
966113265
966275335
966391342
966679699
967295294
967860923
967954587
967975146
968388642
968631283
968918298
969127703
969263254
969380835
969535933
969542108
969690633
969892476
970486607
970512218
970924037
971385539
971397147
971599141
971600818
971618317
971676947
971917654
971960306
972218253
972288059
972479660
972963674
972965730
973046648
973148878
973217102
973592552
974194411
974214595
974409245
974992422
975584934
975601635
976737059
977077366
977144472
977415611
977548994
977569330
978520568
978616334
980129061
980188244
980477732
980638755
980772318
980821752
980931833
981746067
983121264
984681251
985519658
985523172
985918045
986611744
986814485
987296691
987448032
987541160
987598047
987786485
987863687
988076838
988255555
988277903
989429914
989574932
989893948
990137110
990719196
990754012
990834069
991223825
991732796
991925492
992091305
992251791
992638766
992714309
992769101
992872033
993294859
993570937
994039184
994090983
994304920
994516456
994648090
994814658
995465120
995847849
996200017
996308756
996831863
997198226
997293666
997832185
998437207
998505888
998575115
998666253
998673454
999138350
999341533
999437913
999470614
1000062330
1000298708
1000356888
1000440611
1000624253
1001044145
1001062703
1001157115
1001225481
1001486063
1001664786
1001673695
1001716630
1001760109
1002218320
1002218966
1002815337
1003017063
1003040725
1003128277
1003202173
1003402368
1004047661
1004399230
1004489908
1004531747
1004683773
1005730607
1005787992
1006052178
1006058318
1006800140
1007015780
1007224851
1007258400
1007780108
1007891470
1009337389
1009363921
1009421563
1009720294
1009915812
1010735827
1010965915
1011120877
1011187311
1011275972
1011422554
1011808118
1011992093
1012004196
1012155213
1012230814
1012247801
1012395444
1012651149
1012979705
1013224092
1013479822
1013513630
1013522943
1013628472
1013654640
1014434238
1014462061
1014616470
1014649678
1014944179
1015093472
1015220680
1015754688
1016217326
1016813545
1017197661
1017381630
1017833689
1018400780
1018402643
1018556717
1018886211
1019180972
1019197745
1020046141
1020093242
1020126388
1020232736
1020461874
1020473748
1021298247
1021327029
1022087196
1022703604
1023530462
1023965210
1024258649
1024349817
1024446041
1024615358
1024990708
1025023155
1025110643
1025201665
1025260046
1025546210
1025802455
1025881739
1025897534
1026111925
1026232832
1026284463
1027162437
1027492181
1027492517
1027496152
1027641372
1027723101
1027914731
1028675277
1029087813
1029198700
1029305374
1029319342
1029435686
1029818996
1030264300
1030612846
1030697794
1031043308
1033871582
1034696645
1035071790
1035241053
1035510117
1035603238
1035697144
1036749695
1037137859
1037569312
1037725247
1037738799
1037870129
1037915409
1038184363
1038673994
1038682067
1038915373
1039416807
1040037273
1040812984
1041022058
1041612665
1041901705
1042349959
1043089757
1043292671
1043870644
1044496001
1044844111
1045292115
1045722400
1045954730
1046372848
1046419959
1046776638
1046844458
1047453572
1047859880
1048070949
1048110783
1048427659
1048518904
1048571938
1048968036
1049055999
1049422294
1050023344
1050096260
1050317748
1050733173
1051578754
1052050389
1052477377
1053187880
1053673535
1053781070
1053948581
1054066031
1054092750
1054274419
1054374405
1054657778
1054970972
1055489406
1055516948
1055646144
1055794192
1056057608
1056394413
1057034761
1057871588
1058205584
1058263878
1058534588
1058537097
1058698089
1059631759
1059892561
1060064409
1060148043
1060287907
1060799165
1061053954
1061419461
1061435873
1061531733
1061753734
1061789869
1062474209
1062513455
1062723640
1063771913
1063814420
1064014287
1064321458
1064471807
1064753859
1065166820
1065689129
1065894367
1066649327
1066686193
1067037298
1067252591
1067316125
1067616363
1067643250
1068199484
1069391728
1069482663
1069642923
1069725565
1070424064
1070632091
1070959988
1071213403
1071492616
1071674942
1071854791
1072044835
1072338384
1072494274
1072530137
1073117078
1073702440
1073879841
1074412417
1075583441
1075817371
1076331243
1076530672
1076645932
1076710351
1076887852
1077971499
1078881685
1079281311
1079311016
1079463588
1080037604
1080765626
1081233238
1081294839
1081310645
1082311867
1082597061
1082700212
1082716669
1083146347
1083743268
1083825303
1084147702
1084412363
1085200417
1090041981
1090358757
1091905603
1092152272
1092473952
1096209099
1099689890
1101977964
1102093347
1102638756
1105989334
1108452131
1108840750
1110792323
1111226344
1112098880
1113225282
1114347896
1115185634
1115867542
1118541420
1122289714
1124031899
1124727613
1124836518
1124993963
1126932720
1127190732
1129319481
1135790497
1136797637
1136813447
1142142084
1142546421
1142997088
1143764184
1143768067
1144461155
1145650324
1145789198
1146357517
1146570931
1147269945
1148909812
1150052539
1150642404
1153543660
1153701696
1156190260
1157199317
1159343366
1160107504
1160568704
1162472180
1163136992
1167090077
1168712201
1168763119
1170269648
1172120016
1174271708
1177169926
1177788410
1179221094
1179520647
1179535936
1181412329
1183033504
1184330992
1184749224
1185493591
1189771365
1191582332
1193008677
1194262594
1195853773
1195895904
1197783219
1198516802
1199782285
1200352094
1200771897
1201229694
1202155612
1203784502
1204303910
1209990553
1210544580
1211250775
1211454874
1211816959
1212411339
1212832578
1214302086
1214510652
1215163857
1218413492
1219008029
1219049743
1219722205
1220140756
1223161594
1225111259
1226040928
1226109210
1226784996
1229436386
1229713783
1229743362
1232489037
1232680071
1234819291
1235827451
1236594915
1236771236
1238434994
1239555780
1242219287
1242381384
1243093725
1243707634
1245850074
1250772749
1251313125
1252748922
1253322554
1254070586
1254718932
1255155558
1255781777
1260023816
1260367003
1264018878
1264677025
1265057078
1265375998
1266549661
1267013848
1269719746
1270351423
1270898422
1270964266
1277220757
1277506474
1278615347
1280091411
1280645700
1281172159
1281933544
1282528773
1284996568
1287631134
1289520079
1289748304
1289928246
1290083213
1292159636
1292752580
1292853250
1293057674
1296924972
1297299158
1301571594
1302163152
1304556785
1306336882
1309236711
1310791274
1311191733
1312689590
1319646311
1322440140
1324869692
1326509794
1331522370
1331533772
1332852762
1333728911
1335812861
1337916229
1339038129
1344016577
1344559713
1346069040
1347246420
1347571635
1348135689
1351337470
1356770132
1357460218
1357933913
1358203868
1358361250
1359833319
1360702186
1361524694
1365408422
1366326883
1367181101
1372537464
1372824309
1374891975
1377329550
1377336766
1378325993
1379047114
1380172964
1382131062
1382299451
1384151693
1386440061
1388689065
1391510368
1394305672
1394987774
1395231486
1395681178
1396151292
1396937813
1399851175
1405475523
1406775026
1407525921
1409156301
1409878328
1410427354
1411743393
1412228445
1413660182
1413701077
1414070781
1415054149
1416050713
1416690480
1417452458
1417737109
1417811416
1417973791
1419223951
1419857328
1420173908
1422311992
1423202971
1423984701
1424280752
1425425502
1426371043
1426573416
1426721107
1428115918
1429219506
1430114378
1432382352
1433183897
1433527188
1433554249
1434331569
1434758450
1434877597
1437233342
1437333592
1440093395
1442205615
1444128359
1444232329
1444260503
1452157435
1452301175
1453042553
1454588361
1455772119
1455905317
1457814637
1459346981
1462782738
1464741336
1471611145
1476131245
1476428976
1480243131
1483143313
1483401004
1483768946
1484317577
1484606417
1487587309
1492824255
1494939395
1495626638
1496014822
1496327660
1497785140
1498664778
1501380558
1503911183
1506449533
1506688869
1509928397
1510860552
1513783432
1517624598
1520431940
1520974000
1521588789
1522210777
1523355629
1523563174
1525278152
1526576638
1527666368
1527761121
1528230890
1528371882
1528796044
1529133538
1530480945
1533273253
1537814794
1539319419
1539835613
1542705615
1545833462
1546679035
1549945036
1550070055
1555164643
1558783585
1560649694
1561817710
1563087439
1563916416
1566741280
1569717348
1571765758
1572149897
1574920030
1581452292
1582028195
1585658061
1586241286
1588400767
1592218452
1594877476
1595807547
1597100005
1600196298
1604345827
1605070105
1606985771
1607633677
1609703342
1609766171
1612198666
1614431090
1615863835
1617428598
1617925418
1619632041
1621732241
1622742999
1623700622
1624321619
1624905595
1625628834
1632014489
1633113235
1633726887
1634883257
1636255209
1638479294
1639330381
1640833751
1643257394
1643934634
1645402560
1646317098
1646345412
1646618757
1647877696
1650007359
1651762757
1652704379
1653326219
1654680734
1656447022
1656811829
1657601772
1659140827
1662319840
1664252735
1667657052
1671586573
1673639921
1675526464
1684638564
1685380420
1686268930
1688922800
1689787555
1690509009
1691355396
1693081892
1693324058
1693555443
1695202975
1695562009
1695966113
1696550194
1699072729
1699846137
1701565443
1704623751
1704852939
1705979349
1707303460
1708164728
1709339746
1712159970
1713956370
1714597991
1714772013
1715015624
1715355485
1715641998
1716663112
1717663563
1717788600
1718229206
1719034229
1719826593
1721553419
1723372713
1725095076
1726521270
1726887907
1728545361
1728761899
1730780373
1731053656
1732212834
1732655895
1732953540
1736488783
1737623275
1742004250
1745565610
1748142239
1748289922
1750318004
1752585594
1753354657
1755981082
1756404873
1756661490
1757119596
1757356237
1758860038
1758968886
1759998173
1762229503
1765986335
1766154213
1771040343
1773468406
1775053497
1776416959
1776727467
1778822964
1779096915
1779999132
1781086789
1782022253
1784649254
1793372970
1796109142
1797260146
1797493168
1800490741
1800659299
1803753421
1804549351
1805218101
1807065998
1808233601
1808727124
1810032971
1810848590
1814688128
1816289982
1817832315
1820622979
1821716015
1823074924
1828003707
1828402743
1832644944
1833775443
1834639068
1836485982
1836547457
1837308123
1839935686
1840211795
1840616331
1845869552
1845924785
1847288737
1847527421
1848543232
1851389956
1854294512
1854725691
1855998231
1856791463
1858004922
1858347012
1859114260
1859186365
1860064695
1862876547
1862882455
1866571031
1870287572
1871686759
1873613364
1873735918
1877806742
1878524613
1879525809
1880264791
1881089762
1882210041
1885013772
1885367541
1885557284
1885938937
1886099416
1886213581
1886354714
1886904766
1888936841
1890569255
1891187714
1894178629
1894694352
1895568371
1899679196
1901674827
1901975054
1905098241
1906628766
1909783267
1910041295
1912737241
1913716662
1916278799
1916412748
1918843645
1918945198
1923711384
1925164689
1926952200
1928032499
1930623642
1931125652
1931654966
1934608242
1934841509
1935120331
1937094955
1937180979
1937599332
1937773894
1938332286
1938442206
1939383652
1940432558
1942678546
1943224514
1945707267
1948331573
1949096762
1951054049
1952801317
1953529657
1953872830
1954521333
1955133095
1956340079
1956479191
1958463739
1959014739
1963691673
1964736691
1965384308
1967236512
1967254151
1968399954
1968431079
1970414201
1970629562
1975030728
1977584579
1978588201
1978863564
1980093954
1980872908
1982083260
1987528918
1988288689
1992502388
1993172359
1994053709
1997414641
2002382616
2002396443
2004955483
2006338179
2008324858
2009017721
2010540421
2011288458
2012432793
2012655905
2012918120
2014532345
2015604907
2015966161
2016084875
2019562137
2020158785
2023646742
2023906778
2023910842
2027092115
2027572789
2028335314
2029091862
2032701519
2034029935
2034628458
2035709628
2035716363
2036791461
2040089632
2040151111
2040399016
2045579670
2048223518
2048387246
2049248572
2049803113
2050255799
2051392211
2053718014
2055374698
2059338404
2060590416
2061219416
2062490813
2063320354
2070151499
2070827009
2075522184
2078632925
2079793236
2080069780
2080808183
2081872504
2083129429
2084003133
2084014844
2087062132
2088373625
2090705032
2096135856
2096543744
2097904613
2098800399
2099146815
2100951323
2102083538
2103016616
2104554559
2105745998
2106157133
2106712275
2107023266
2107221324
2108398733
2109991349
2110007889
2112839427
2113842474
2114211401
2115467931
2116292147
2118691303
2118885794
2124234596
2124476148
2125656272
2126291893
2126939214
2127306887
2128228988
2129980113
2130639593
2135012377
2135754641
2135938491
2137690894
2137890947
2139537557
2141643820
2142858278
2145368636
2156029630
2160190391
2160743088
2170522667
2170537008
2173051472
2174066487
2175000623
2175577276
2176556250
2177062333
2179111283
2179341856
2180100755
2181206479
2182273951
2187740974
2190133547
2191978335
2193376136
2193901162
2194262819
2195384697
2195410246
2197044996
2206486416
2206913033
2207666772
2210557842
2210949725
2212932420
2214027392
2214595225
2217073865
2217358775
2219047528
2219134843
2220357454
2221644651
2221782600
2223310168
2224466393
2225001488
2230931411
2232892310
2232954703
2237530297
2237955911
2238455798
2239716364
2242786402
2243987023
2244880612
2246503819
2246537017
2247856122
2247948717
2251173423
2252919464
2253814909
2254057344
2254087510
2256737062
2257786298
2257833168
2260647819
2261601302
2261989197
2262429521
2263868262
2264663143
2265092742
2266349483
2266404249
2266872212
2267746907
2268689555
2270031667
2272136087
2272254628
2274100884
2274624522
2274933104
2276638226
2277677988
2279294844
2282797771
2283316132
2284088010
2284431141
2284815132
2284821796
2284845336
2287725997
2287946673
2292299923
2292951245
2292979423
2298750284
2300221578
2300667808
2301750095
2302381868
2303042125
2303693500
2303758518
2305932408
2306636301
2307188249
2308141551
2312464648
2317245369
2317617625
2319403873
2321059130
2322499609
2324098294
2325465596
2325467723
2325544170
2325622861
2327488023
2327562616
2328722903
2329873611
2333648045
2334900583
2336896537
2337438133
2337531263
2337832682
2338990884
2339713730
2340506053
2341187884
2343341569
2343858664
2344121492
2346721847
2348232952
2348610867
2349343133
2350493172
2350881751
2352111445
2355228908
2357776661
2357890710
2358529681
2362011414
2362459642
2363146434
2363975394
2365345933
2365613295
2369979761
2370823104
2373340671
2374193498
2375375096
2378095043
2378481858
2378715053
2379269734
2379871385
2380660358
2381344557
2382592242
2384474338
2385232103
2386637772
2389788241
2391862213
2392556532
2393698883
2395336416
2396744016
2397128400
2397303946
2397358192
2397726382
2401490305
2402920533
2404643199
2406931395
2408236384
2412952022
2413023707
2413973543
2416431584
2417518314
2417776758
2418214870
2419290865
2424583290
2426695815
2429327252
2437815562
2438840142
2439597406
2444804176
2446394607
2451148428
2451846678
2455438140
2456936325
2458611678
2461251891
2461622261
2461970575
2462734315
2464914089
2464989491
2465804522
2467254728
2468531203
2469905498
2470350994
2471031712
2472296469
2472556091
2473893000
2474270255
2475753109
2478248741
2479770171
2485880781
2487576337
2487716841
2487759643
2487942834
2488665196
2489131907
2490278708
2491247443
2494650472
2496084098
2496132505
2496845027
2497387572
2497517351
2498036496
2498079859
2498380317
2498765502
2499188119
2502880341
2507083270
2508748985
2508958023
2510030923
2510939974
2511876255
2512737126
2513469196
2517086154
2517684365
2521353382
2524359718
2524479813
2525028313
2525929094
2528968625
2530023051
2530788394
2532941422
2533683308
2537778596
2539607416
2541779653
2541873752
2543502294
2544116968
2545001987
2545306614
2545480606
2546482871
2547086687
2547462395
2548255457
2550386522
2551330423
2551392891
2553001045
2554451163
2554637436
2556929881
2557507930
2563998068
2564120826
2566143413
2567644663
2569605532
2571280835
2574207319
2576872298
2577177792
2580992527
2582806472
2583565073
2587182832
2587751010
2588868208
2591149956
2593452692
2594108872
2594222066
2594870090
2595128324
2596009184
2597533167
2598043232
2599256964
2601591032
2601805212
2603106662
2603702615
2605324325
2607804863
2609683212
2609772745
2610571354
2611941168
2613333624
2616297826
2618656306
2619015202
2619591868
2621911543
2622558482
2622732230
2624957015
2626333450
2627604562
2629089126
2629323478
2630822478
2632287065
2633225742
2634072532
2634497893
2634721662
2638349830
2638480498
2638580201
2638811621
2640128149
2640756115
2643866275
2645111348
2645139754
2645385426
2645575828
2646733980
2648038706
2648380934
2649003997
2649896062
2653497546
2656031468
2656371330
2662038447
2662810036
2664604636
2667267244
2669238842
2669685268
2669774158
2669964692
2670531810
2671263916
2673951439
2675018787
2675156767
2676023912
2676349981
2676660668
2676785882
2677379925
2677388757
2678773735
2678883856
2679124454
2679677851
2681435943
2685109835
2685911240
2686442400
2692648280
2695185073
2696208947
2696837738
2697348586
2699995001
2704630394
2704767091
2705063003
2705529044
2708397346
2709455188
2709592184
2713501426
2717919525
2718310247
2724636490
2725504608
2725593130
2725675048
2726350296
2727737856
2728468368
2728487155
2729511255
2732035045
2734692396
2735919911
2736041693
2737326800
2737590781
2738082879
2738208174
2739199387
2741374207
2741570186
2744529396
2745264340
2746679046
2747628068
2747711265
2748846870
2748933085
2749346954
2749588885
2751569918
2754444864
2754767561
2755402680
2757321141
2757514960
2760231937
2760921341
2762574428
2762704479
2765551885
2768046537
2768428461
2769455292
2769581100
2770049406
2771210434
2772370201
2774000241
2774185075
2775849013
2777601088
2778288427
2780037461
2780838026
2783764850
2787918954
2793237975
2794052007
2794239772
2796133529
2798403976
2799806891
2800339981
2801312957
2801572442
2802115731
2802154650
2803023650
2807369839
2809025664
2809414628
2809603276
2812123629
2813952693
2814443496
2814823552
2815797553
2816486010
2816582108
2817353686
2818321197
2819733760
2819908150
2821448376
2827872010
2832509884
2834651553
2838239609
2838999018
2839749943
2843465106
2843588296
2844001245
2845106448
2845412512
2845932632
2846615716
2846744170
2847063125
2847618145
2848006143
2854867758
2856199390
2858519006
2860292422
2860625878
2861309244
2862384275
2863032287
2863440434
2864103008
2865356960
2865561700
2867334528
2868138735
2872367483
2873404449
2875389048
2876653750
2878033561
2879466180
2880607856
2881271353
2881793742
2882212990
2882289085
2882710943
2883921118
2884647302
2885472422
2886567535
2887120180
2888680329
2889904959
2891882805
2892328875
2893406185
2897368100
2897928981
2898218993
2898526409
2898828264
2900254250
2903447714
2904270056
2906491396
2907363325
2907958233
2908925756
2913605755
2915677279
2915935098
2917434538
2917449234
2918803701
2920509609
2921335071
2922288784
2923053799
2924226365
2925996987
2926804536
2929733619
2929975915
2934942462
2936183704
2938705722
2939239128
2939740311
2940434560
2942774255
2943690462
2943785435
2943866130
2945751953
2951476031
2955929009
2956387336
2956689169
2957876501
2958083611
2958441207
2961553181
2965278044
2965766103
2966184896
2966381027
2971248087
2972021555
2972332886
2972491377
2972504979
2973408788
2973583843
2974241239
2975920248
2977516863
2979845918
2980146458
2980162332
2982064445
2983918974
2985317657
2985507503
2985995316
2986207019
2986663255
2987653866
2988399763
2990989001
2991976834
2992580900
2994945566
2998580579
2999005094
3002128611
3003716808
3003758504
3004341611
3005735417
3009746119
3010755168
3012464643
3012592706
3014469681
3015829301
3018658708
3019022771
3020019925
3022060762
3022344274
3022890074
3023709848
3023951971
3024194614
3026094042
3030627232
3030752272
3031543827
3034813937
3034880922
3035891547
3040867746
3040887395
3041474665
3042597019
3044687637
3045600516
3047680288
3051836198
3052810811
3053382669
3054773416
3055856300
3055875368
3057115752
3057582186
3058660912
3061721544
3062996420
3065610599
3066099738
3066553734
3066764680
3072309316
3072786853
3072894942
3073623069
3073814813
3075637590
3075775727
3076842384
3077460859
3079330368
3079339755
3079746529
3080041675
3080547256
3081112678
3084257474
3086727652
3089126777
3089785234
3091617599
3092358223
3092813040
3095281478
3095314463
3096413479
3096759793
3097617820
3098173982
3098607209
3098651512
3101576649
3104757808
3106071891
3107410633
3110246049
3110297636
3112455944
3112590192
3114228009
3114667596
3114973393
3116987177
3118667225
3119309770
3119808884
3120683796
3121442368
3122027376
3122779347
3124318954
3126029766
3126137653
3128115436
3128866844
3129415180
3131461561
3132329761
3132349726
3132579592
3135985166
3136540321
3137523823
3141103221
3141487324
3141822719
3143497141
3146095897
3146300942
3155287756
3157651063
3157876339
3158538589
3159482402
3160014558
3162823125
3165331109
3165383766
3167488629
3170053612
3170109776
3171645583
3173430661
3177650707
3177769327
3179716905
3185369721
3186633180
3189671522
3189701588
3190363142
3191432104
3191453052
3192904541
3195669868
3198823389
3199509051
3201741537
3202115172
3204344621
3204698640
3205535338
3208219406
3212216817
3212559095
3213207735
3213258860
3215147278
3216882224
3220425974
3221302713
3222759513
3226735166
3227518815
3227608011
3228307003
3228852458
3231275624
3231473484
3232034769
3232237971
3232820187
3233639660
3237147428
3242751440
3243245574
3245729938
3248898407
3249464360
3249939984
3256188237
3256736170
3256815561
3257210363
3258748950
3260089107
3260125387
3260398447
3261663343
3263148147
3266233279
3267492442
3267696034
3271695149
3271873260
3274302062
3279727140
3280377986
3285334205
3287944378
3288197157
3288738164
3289796283
3290241440
3290774298
3292160178
3292651412
3293969470
3294895568
3296201272
3299420635
3300185566
3300776421
3303229851
3303745278
3305514482
3307332863
3313153346
3313882931
3314436754
3317478516
3317619655
3317812814
3320333253
3321770257
3322180916
3322722383
3327602176
3328071196
3329140532
3330513551
3330935100
3332570203
3332929744
3334711513
3337190643
3340495953
3343071280
3345435844
3346931899
3347088710
3348305592
3348535448
3349323143
3349737285
3351872559
3352498231
3353767041
3353839093
3359640463
3361845994
3362426368
3362476702
3362889576
3365507164
3365750782
3366047702
3367778348
3370274859
3371905953
3372283313
3372629406
3372943642
3373812449
3375014024
3375316545
3377249939
3378645510
3380703772
3380723312
3381508737
3381617580
3382469398
3388190075
3388365352
3388443523
3391012211
3391140482
3391255901
3392461709
3393782392
3393877828
3394437786
3394480421
3395109175
3395601742
3397912581
3399490171
3400544542
3401663935
3402210112
3402820161
3402840345
3409497594
3410547300
3410744358
3412294994
3414059323
3415851506
3416675563
3417714572
3418670351
3421990866
3423476553
3423488242
3423830173
3424935663
3427339051
3428160371
3428190340
3428954450
3429573392
3430863018
3435850693
3435961554
3437196344
3437861611
3438093902
3439579551
3440332485
3440679079
3441956310
3441963831
3442163196
3442886978
3444296408
3449602527
3450102549
3451493318
3452324627
3454502526
3454995107
3455662905
3456100177
3458580587
3458942435
3460988098
3462737667
3463565652
3464066410
3464606346
3464817565
3466303599
3469384365
3470593596
3470748343
3472824400
3473402358
3473925748
3474551448
3478080412
3480583555
3481105659
3481472659
3482553711
3483636150
3485647558
3486244260
3487792414
3489167587
3494314157
3495013573
3495250133
3495836470
3495898830
3496310549
3497799680
3497908977
3498042064
3500811599
3501441978
3501846950
3504519061
3507812455
3508277090
3510616509
3513223660
3516334038
3517404457
3517960528
3520116300
3523487664
3523710907
3523916633
3524598449
3526117470
3528371962
3528737444
3532319681
3533415512
3536509777
3536611667
3537857473
3539139809
3539242553
3540172935
3542150432
3543246666
3545782293
3547937480
3551146470
3551271130
3552067424
3555042288
3557132363
3558868015
3560781739
3562002509
3562883669
3565685590
3566172241
3570270725
3571495919
3572014709
3575852823
3578596192
3580548000
3581599684
3583797156
3584725866
3585663383
3586739780
3586907975
3587364969
3588579825
3588662999
3589892368
3590640821
3595162873
3596566695
3596874594
3597499294
3597976555
3600474320
3601180440
3602499378
3602783566
3602906553
3604286603
3604701618
3605251375
3605485785
3605497416
3605808370
3614929040
3617019566
3617282486
3617794845
3618277639
3621616681
3622443185
3622894994
3624440490
3628485741
3628577020
3630206391
3630514150
3631273177
3633453622
3635575591
3637135483
3639442355
3641114821
3641672046
3642042005
3645698785
3646499219
3647228091
3648398132
3648818011
3649200217
3652137257
3653166732
3655417562
3655955296
3659535405
3659735178
3660028153
3665048719
3668688055
3670222832
3671017422
3671310482
3673914361
3678464590
3680871607
3683765337
3684008578
3689573067
3691413659
3691675459
3692926783
3693362850
3693526969
3693695174
3696203870
3696811581
3701697890
3702675817
3704197800
3704836452
3706529277
3707358454
3712463507
3718210379
3720659350
3722179378
3722790543
3727054194
3727107181
3727390875
3727981265
3728331852
3728343358
3731337539
3731565893
3732388813
3735707325
3736055721
3736140728
3740396420
3742267435
3742852519
3743235661
3745745078
3745786005
3746746369
3749446609
3755254674
3756730949
3757505459
3759930166
3763121220
3764562016
3765251186
3766684001
3767245021
3768534228
3769067563
3769479129
3770098282
3774511471
3775188588
3777444414
3777957493
3779780940
3780539070
3780893537
3785479642
3787168641
3787970578
3790027312
3790422625
3790762475
3793200398
3794567503
3797340936
3798615667
3799815069
3801216132
3801878102
3802421411
3807250834
3807884945
3810267976
3810708023
3811832221
3813808088
3817879419
3817927941
3818919675
3820216326
3820366362
3822430714
3823091098
3824586159
3824836121
3824891718
3826187664
3826529910
3830101787
3831169924
3831901071
3832175476
3834056528
3834195544
3839048003
3840516062
3844791576
3847481127
3847502053
3848236880
3850376975
3852706196
3853398860
3853541484
3853669269
3854262065
3854912103
3856638814
3857339253
3857898364
3858605486
3858791331
3860008011
3861207837
3863311370
3865417546
3867216851
3868683767
3869878952
3870153284
3870483282
3871380921
3872970056
3874157716
3876194382
3876601143
3877773418
3878083385
3878100474
3878584392
3878882163
3880631590
3880819424
3881535541
3885459540
3885488249
3888353438
3888417172
3889149085
3890434819
3890582567
3891967539
3892684180
3892789751
3892887197
3896407748
3896909829
3898018889
3899728790
3903916226
3904876786
3906817591
3908666864
3910283187
3911947905
3913194997
3914362405
3914565913
3914602090
3915128032
3915716223
3919846568
3919982562
3925342578
3926554830
3932023985
3934239581
3937397095
3937901045
3938246748
3940098315
3940844762
3941183210
3942492693
3942693955
3943463018
3943814155
3944689348
3945304183
3946936077
3948435497
3948940440
3950951009
3953186248
3953731626
3954867487
3955119313
3958012622
3958101748
3958404740
3958943548
3959283095
3960322455
3963408291
3963447999
3965526564
3965913269
3966670316
3966859518
3967018673
3967213891
3972817795
3973328840
3975629183
3975955611
3977222548
3980699484
3980918921
3983636634
3985759604
3986883333
3987411659
3987706590
3987866108
3988345022
3990979668
3991488557
3994924749
3997210468
3997466563
3998142411
3998331277
3999628114
3999694557
4000160078
4003141810
4004132140
4005755378
4006015816
4006114248
4007586118
4010294502
4010958939
4011413253
4013440969
4013944251
4014019960
4014823283
4015845204
4018380621
4018719828
4030318482
4031309726
4031860963
4035675216
4038572264
4039559047
4040123478
4041139017
4045777273
4047429989
4048331695
4048816226
4048956451
4050403746
4051585046
4051915234
4052128262
4052771020
4052990950
4054546631
4056250016
4057380794
4058895198
4060944958
4067965567
4068519477
4068612856
4068927809
4071555724
4071568634
4073250705
4073365636
4074117241
4074997138
4076372563
4077649278
4077836031
4079950024
4080767705
4080956218
4081441063
4081452510
4086867312
4087176145
4088355397
4089595398
4091802483
4091918718
4092880627
4093311785
4093558877
4094580376
4096201815
4096310346
4096458008
4096898969
4097961226
4105551319
4107448850
4112512983
4114444695
4114494713
4114724209
4115799924
4116409734
4118250509
4120017149
4123724207
4125184223
4127424072
4129097501
4133686905
4135575913
4136082862
4137213378
4137577321
4139343349
4140292681
4144084222
4144571009
4146126960
4146850649
4147461675
4148871815
4153802968
4154516623
4155530494
4158120260
4158891121
4160544651
4164157115
4166311608
4166344451
4169848851
4170865214
4175932633
4176096485
4177133755
4178039313
4178044885
4183595806
4184687508
4184781957
4185965334
4187429993
4187599321
4188066771
4189786207
4189823665
4190054883
4191765026
4192221051
4193226535
4196724449
4200295993
4200561676
4203791278
4204815135
4206942027
4207436486
4207789119
4208748953
4210322366
4210322930
4211931496
4212852361
4213543626
4216983100
4217165328
4217530465
4217881686
4217984200
4218409280
4218965413
4219931334
4221045693
4223834132
4226993295
4227370224
4227947077
4230665175
4230758015
4231664738
4234546114
4235192738
4235905703
4237906277
4239756178
4240146985
4241692068
4241883993
4242770027
4242795336
4242996009
4247142337
4247364798
4247867018
4248180486
4249355820
4249447862
4250318439
4250611333
4253385479
4256157472
4263338103
4264297792
4265584003
4265799685
4265806140
4265963942
4266076381
4266093124
4269937127
4273543493
4274441346
4275257556
4276334765
4276853643
4278887745
4280102717
4280121557
4284011947
4285397040
4287813778
4288867375
4289786058
4291187821
4291406483
4291772187
4291998568
? op sub samples/sets/03_random_a.txt samples/sets/03_random_b.txt
RESULT|op=sub|n=2970|runs=2970|bound=29740
1622775
1681819
1825838
2058637
5143901
10653126
10928452
11817416
12144450
12487450
13060534
15006060
16075618
19803804
20354254
20359216
22065972
22459428
22942354
25809116
27632332
29919095
30706878
30934842
33306751
35877947
35966980
39158484
39622915
39800639
40522829
41959291
44255822
44787446
44859285
45296441
45412178
45450183
45578418
45893547
46744744
48886735
49504104
49544665
49714203
50373584
50377568
51969565
55221376
55487561
57028590
57367422
58553132
58909512
62210261
66552950
67294222
67431115
68505952
70932784
71016880
71495972
71543769
73497099
75650066
77194385
77563241
79371020
79934180
80131695
80851871
81576602
81830589
89191306
92041666
92224458
92845523
97262366
97538227
100807679
103819161
106013358
107280825
108378367
109606496
110044692
115127096
116367239
117699260
118335020
120562583
122064627
123267924
123797771
125594548
128293184
129058199
130464946
130780899
133541611
133645492
137777630
138264915
140526755
141002756
142817286
143887297
151425608
152959445
152982336
154816835
154968820
155391557
155679970
158690772
164526014
166841802
167354101
167386896
168238240
169263479
169353299
171489251
172793731
173159241
173693806
173960036
174156361
176145356
179168462
179868557
179979271
184378485
185896842
186142472
187276987
187666594
187988255
189558509
190803897
191460492
196550970
197414808
199995602
200370356
200485745
203664793
210719030
214934661
214954586
214970529
216705628
217647378
218575371
220516291
224119451
224608319
224793764
226462688
227473404
227942213
229109016
234336306
235998033
236407890
237293908
238545893
238562070
238938335
239740733
239804190
240554343
241215308
241237224
241720263
242198779
244125957
244879596
246345026
250646549
251658857
255762897
256686544
257672214
258175887
259456431
261421819
262985793
266335943
268097688
268462558
269185609
271000285
271171656
271509431
272446724
272529906
273581881
275190099
275230385
275555952
276907271
277857365
284243774
285225738
285241448
286223991
286524166
288872426
289573840
289632065
289654880
290694543
292952680
292993962
293630052
294443322
298015596
298366533
298576750
301031317
305761988
309147405
312456235
313608361
314718957
315843690
317457109
317593242
318655406
318841602
319221618
320057747
320148017
322553077
323823586
324812035
325692778
325706388
326123857
328704946
329904137
330523012
331694834
331921695
332939259
333724900
337698332
339334134
339914698
345394432
349772414
350811083
351234886
352253226
355309207
357712669
358480721
359678976
360030997
363112153
363482121
366379128
367155634
368600321
369763776
373533901
373685426
375497378
376757175
377458107
377768373
379465019
381637106
383396292
383884932
384672790
387390118
391094314
398064531
398427338
401545671
403955171
406476580
407018226
408505343
411470694
413117053
413272444
413717441
415651875
415757873
416252464
417317485
418034923
418069917
419197966
420455703
421028589
423112840
425591052
428814198
429521592
432377646
432478282
433313574
433689933
437258617
437529500
438562805
439093304
440622764
441508967
444296140
444747003
450397200
451471136
452306611
454596639
455481935
457303996
457583880
458605959
460499315
460531951
461428543
462577376
464886305
468992742
471968961
472619306
474247236
474959376
475577110
477403438
477949228
480301973
484455112
488284106
490863854
491231836
494077913
494918562
495603159
500846655
502426185
503917380
504192135
505606091
506855597
513225533
514028187
515234808
515334132
515976733
516292388
516350816
516855623
517729887
520370002
528293386
528960414
529417447
529571082
533579016
533929520
533990753
534819807
535073377
536014540
539567169
539924946
541052794
541580926
543747443
544312546
546778693
547989619
548558789
549272665
550326477
551697248
552556641
553561745
558938238
559381168
559561282
559764479
560617412
562022958
562551284
563209071
565136959
566940196
569311933
570059011
572960350
574374374
575185146
575316584
578315661
578381680
578390951
581349301
582979130
583190660
583983940
584093586
584883228
586412681
586602225
586632408
588958733
591503664
593677705
594426746
598249121
598577393
599014624
599080914
599687112
602109725
603948978
604842456
605510612
607778628
609786546
610333555
610388707
611489373
612255650
615797226
616367911
616617820
618957029
621743349
628094138
630201419
630311810
631243374
632303763
632305265
632787136
632793602
632798643
632959045
635840292
636845781
636910693
637310887
638747583
641321421
641350314
641776095
643820981
645060697
648295335
648968748
649528828
649684625
650749917
650886463
651414202
654074282
656561658
656725815
656961686
658241749
658355388
659646500
659661544
666391972
667484776
670465021
670792669
671023696
671040477
672047399
672443421
672735996
678889886
679377937
679523302
679574568
679980914
682057613
682558870
683081491
683680945
684658403
685389744
685632821
686481946
686797529
689724545
692661113
693970248
694846148
696286528
696798950
697074063
700320983
701666543
703133005
703798639
707965898
708351671
722642211
722700894
730413041
733358287
734893194
735693771
736765639
738374050
743998981
747937125
748015846
749995995
750416018
751406634
754291188
755173757
756562483
760952281
762275645
762780618
766107959
766526809
767280149
767480555
769825540
771242441
772455312
772893082
775581171
776041780
776135053
776977295
778981078
780365321
780564012
782168932
784136613
785379974
785621585
785958127
787350024
788671911
789531237
790077736
793579886
794230380
797692080
802609240
803986811
810651211
811689883
812255611
812818723
821469074
822950884
823128030
824211296
824344851
825210393
825249836
826198944
827410593
828129017
828562303
828691419
828751586
828834923
830821393
835117144
837134324
840165369
841346505
845860743
846605072
846956176
849459506
851543665
852237233
857949151
861923101
864006710
865341874
868065784
870156252
876040105
876917176
877165645
883607377
883907749
884307769
884927924
886898014
889292961
889695045
891805206
891876781
892890036
894536529
895167538
898835081
900213288
902222741
902556505
902674992
904112592
908498596
909082588
909279245
909392150
909647290
910000881
911543116
912471818
912666849
912790258
916351062
916789947
917956613
921049312
921563970
922190237
925563311
927791331
930107468
931562286
931844724
936038478
938617447
940128862
940466560
942370890
942754236
943115175
944576877
944620743
944911158
946105908
946873087
948026441
948744864
949128187
951019977
952261038
952856473
953456139
955477344
955643662
956610188
960484098
961921472
964628622
965821160
967954587
968918298
971600818
972965730
974409245
974992422
976737059
980477732
980772318
986814485
987863687
989893948
990834069
997832185
998505888
998666253
998673454
1000062330
1001486063
1002815337
1003040725
1003402368
1004399230
1005730607
1007015780
1007891470
1009337389
1009421563
1011275972
1013654640
1014434238
1016813545
1020093242
1020461874
1025260046
1026111925
1026232832
1027641372
1027723101
1028675277
1029818996
1030697794
1037725247
1038184363
1038673994
1040812984
1041901705
1043292671
1044496001
1048070949
1048518904
1048968036
1049055999
1052050389
1053948581
1054066031
1054374405
1058263878
1058698089
1063771913
1063814420
1064471807
1065689129
1066649327
1067316125
1070632091
1071674942
1072494274
1076331243
1076645932
1078881685
1081310645
1082700212
1082716669
1083825303
1085200417
1090041981
1090358757
1091905603
1092152272
1092473952
1096209099
1099689890
1101977964
1102093347
1102638756
1105989334
1108452131
1108840750
1110792323
1111226344
1112098880
1113225282
1114347896
1115185634
1115867542
1118541420
1122289714
1124031899
1124727613
1124836518
1124993963
1126932720
1127190732
1129319481
1135790497
1136797637
1136813447
1142142084
1142546421
1142997088
1143764184
1143768067
1144461155
1145650324
1145789198
1146357517
1146570931
1147269945
1148909812
1150052539
1150642404
1153543660
1153701696
1156190260
1157199317
1159343366
1160107504
1160568704
1162472180
1163136992
1167090077
1168712201
1170269648
1172120016
1174271708
1177169926
1177788410
1179221094
1179520647
1179535936
1181412329
1183033504
1184330992
1184749224
1185493591
1189771365
1191582332
1193008677
1194262594
1195853773
1195895904
1197783219
1198516802
1199782285
1200352094
1200771897
1201229694
1202155612
1203784502
1204303910
1209990553
1210544580
1211250775
1211454874
1211816959
1212411339
1212832578
1214302086
1214510652
1215163857
1218413492
1219008029
1219049743
1219722205
1220140756
1223161594
1225111259
1226040928
1226109210
1226784996
1229436386
1229713783
1229743362
1232489037
1232680071
1234819291
1235827451
1236594915
1236771236
1238434994
1239555780
1242219287
1242381384
1243093725
1243707634
1245850074
1250772749
1251313125
1252748922
1253322554
1254070586
1254718932
1255155558
1255781777
1260023816
1260367003
1264018878
1264677025
1265057078
1265375998
1266549661
1267013848
1269719746
1270351423
1270898422
1270964266
1277220757
1277506474
1278615347
1280091411
1280645700
1281172159
1281933544
1282528773
1284996568
1287631134
1289520079
1289748304
1289928246
1290083213
1292159636
1292853250
1293057674
1296924972
1297299158
1301571594
1302163152
1304556785
1306336882
1309236711
1310791274
1311191733
1312689590
1319646311
1322440140
1324869692
1326509794
1331522370
1331533772
1332852762
1333728911
1335812861
1337916229
1339038129
1344016577
1344559713
1346069040
1347246420
1347571635
1348135689
1351337470
1356770132
1357460218
1357933913
1358203868
1358361250
1359833319
1360702186
1361524694
1365408422
1366326883
1367181101
1372537464
1372824309
1374891975
1377329550
1377336766
1378325993
1379047114
1380172964
1382131062
1382299451
1384151693
1386440061
1388689065
1391510368
1394305672
1394987774
1395231486
1395681178
1396151292
1396937813
1399851175
1405475523
1406775026
1407525921
1409156301
1409878328
1410427354
1411743393
1412228445
1413660182
1413701077
1414070781
1415054149
1416050713
1416690480
1417452458
1417737109
1417811416
1417973791
1419223951
1419857328
1420173908
1422311992
1423202971
1423984701
1424280752
1425425502
1426371043
1426573416
1426721107
1428115918
1429219506
1430114378
1432382352
1433183897
1433527188
1433554249
1434331569
1434877597
1437233342
1437333592
1440093395
1442205615
1444128359
1444232329
1444260503
1452157435
1452301175
1453042553
1454588361
1455772119
1455905317
1457814637
1459346981
1462782738
1464741336
1471611145
1476131245
1476428976
1480243131
1483143313
1483401004
1483768946
1484317577
1484606417
1487587309
1492824255
1494939395
1495626638
1496014822
1496327660
1497785140
1498664778
1501380558
1503911183
1506449533
1506688869
1509928397
1510860552
1513783432
1517624598
1520431940
1520974000
1521588789
1522210777
1523355629
1523563174
1525278152
1526576638
1527666368
1527761121
1528230890
1528371882
1528796044
1529133538
1530480945
1533273253
1537814794
1539319419
1539835613
1542705615
1545833462
1546679035
1549945036
1550070055
1555164643
1558783585
1560649694
1561817710
1563087439
1563916416
1566741280
1569717348
1571765758
1572149897
1574920030
1581452292
1582028195
1585658061
1586241286
1588400767
1592218452
1594877476
1595807547
1597100005
1600196298
1604345827
1605070105
1606985771
1607633677
1609703342
1609766171
1612198666
1614431090
1615863835
1617428598
1617925418
1621732241
1622742999
1623700622
1624321619
1624905595
1625628834
1632014489
1633113235
1633726887
1634883257
1636255209
1638479294
1639330381
1640833751
1643257394
1643934634
1645402560
1646317098
1646345412
1646618757
1647877696
1650007359
1651762757
1652704379
1653326219
1654680734
1656447022
1656811829
1657601772
1659140827
1662319840
1664252735
1667657052
1671586573
1673639921
1675526464
1684638564
1685380420
1686268930
1688922800
1689787555
1690509009
1691355396
1693081892
1693324058
1693555443
1695202975
1695562009
1695966113
1696550194
1699072729
1699846137
1701565443
1704623751
1704852939
1705979349
1707303460
1708164728
1709339746
1712159970
1713956370
1714597991
1714772013
1715015624
1715355485
1715641998
1716663112
1717663563
1717788600
1718229206
1719034229
1719826593
1721553419
1723372713
1725095076
1726521270
1726887907
1728545361
1728761899
1730780373
1731053656
1732212834
1732655895
1732953540
1736488783
1737623275
1742004250
1745565610
1748142239
1748289922
1750318004
1752585594
1753354657
1755981082
1756404873
1756661490
1757119596
1757356237
1758860038
1759998173
1762229503
1765986335
1766154213
1771040343
1773468406
1775053497
1776416959
1776727467
1778822964
1779096915
1779999132
1781086789
1782022253
1784649254
1793372970
1796109142
1797260146
1797493168
1800490741
1800659299
1803753421
1804549351
1805218101
1807065998
1808233601
1808727124
1810032971
1810848590
1814688128
1816289982
1817832315
1820622979
1821716015
1823074924
1828003707
1828402743
1832644944
1833775443
1834639068
1836485982
1836547457
1837308123
1839935686
1840211795
1840616331
1845869552
1845924785
1847288737
1847527421
1848543232
1851389956
1854294512
1854725691
1855998231
1856791463
1858004922
1858347012
1859114260
1859186365
1860064695
1862876547
1862882455
1866571031
1870287572
1871686759
1873613364
1873735918
1877806742
1878524613
1879525809
1880264791
1881089762
1882210041
1885013772
1885367541
1885557284
1885938937
1886099416
1886213581
1886354714
1886904766
1888936841
1890569255
1891187714
1894178629
1894694352
1895568371
1899679196
1901674827
1901975054
1905098241
1906628766
1909783267
1910041295
1912737241
1913716662
1916278799
1916412748
1918945198
1923711384
1925164689
1926952200
1928032499
1930623642
1931125652
1931654966
1934608242
1934841509
1935120331
1937094955
1937180979
1937599332
1937773894
1938332286
1938442206
1939383652
1940432558
1942678546
1943224514
1945707267
1948331573
1949096762
1951054049
1952801317
1953529657
1953872830
1954521333
1955133095
1956340079
1956479191
1958463739
1959014739
1963691673
1964736691
1965384308
1967236512
1967254151
1968399954
1968431079
1970414201
1970629562
1975030728
1977584579
1978588201
1978863564
1980093954
1980872908
1982083260
1987528918
1988288689
1992502388
1993172359
1994053709
1997414641
2002382616
2002396443
2004955483
2006338179
2008324858
2009017721
2010540421
2011288458
2012432793
2012655905
2012918120
2014532345
2015604907
2015966161
2016084875
2019562137
2020158785
2023646742
2023906778
2023910842
2027092115
2027572789
2028335314
2029091862
2032701519
2034029935
2034628458
2035709628
2035716363
2036791461
2040089632
2040151111
2040399016
2045579670
2048223518
2048387246
2049248572
2049803113
2050255799
2051392211
2053718014
2055374698
2059338404
2061219416
2062490813
2063320354
2070151499
2070827009
2075522184
2078632925
2079793236
2080069780
2080808183
2081872504
2083129429
2084003133
2084014844
2087062132
2088373625
2090705032
2096135856
2096543744
2097904613
2098800399
2099146815
2100951323
2102083538
2103016616
2104554559
2105745998
2106157133
2106712275
2107023266
2107221324
2108398733
2109991349
2110007889
2112839427
2113842474
2114211401
2115467931
2116292147
2118691303
2118885794
2124234596
2124476148
2125656272
2126291893
2126939214
2127306887
2128228988
2129980113
2130639593
2135012377
2135754641
2135938491
2137690894
2137890947
2139537557
2141643820
2142858278
2145368636
2156029630
2160190391
2160743088
2170522667
2170537008
2173051472
2174066487
2175000623
2175577276
2176556250
2177062333
2179111283
2179341856
2180100755
2181206479
2182273951
2187740974
2190133547
2191978335
2193376136
2193901162
2194262819
2195384697
2195410246
2197044996
2206486416
2206913033
2207666772
2210557842
2210949725
2212932420
2214027392
2214595225
2217073865
2217358775
2219047528
2219134843
2220357454
2221644651
2221782600
2224466393
2225001488
2230931411
2232892310
2232954703
2237530297
2237955911
2238455798
2239716364
2242786402
2243987023
2244880612
2246503819
2246537017
2247856122
2247948717
2251173423
2252919464
2253814909
2254057344
2254087510
2256737062
2257786298
2257833168
2260647819
2261601302
2261989197
2262429521
2263868262
2264663143
2265092742
2266349483
2266404249
2266872212
2267746907
2268689555
2270031667
2272136087
2272254628
2274100884
2274624522
2274933104
2276638226
2277677988
2279294844
2282797771
2283316132
2284088010
2284431141
2284815132
2284821796
2284845336
2287725997
2287946673
2292299923
2292951245
2292979423
2298750284
2300221578
2300667808
2301750095
2302381868
2303042125
2303693500
2303758518
2305932408
2306636301
2307188249
2308141551
2312464648
2317245369
2317617625
2319403873
2321059130
2322499609
2324098294
2325465596
2325467723
2325544170
2325622861
2327488023
2327562616
2328722903
2329873611
2333648045
2334900583
2336896537
2337438133
2337531263
2337832682
2338990884
2339713730
2340506053
2341187884
2343341569
2343858664
2344121492
2346721847
2348232952
2349343133
2350493172
2350881751
2352111445
2355228908
2357776661
2357890710
2358529681
2362011414
2362459642
2363146434
2363975394
2365345933
2365613295
2369979761
2370823104
2373340671
2374193498
2375375096
2378095043
2378481858
2378715053
2379269734
2379871385
2380660358
2381344557
2382592242
2384474338
2385232103
2386637772
2389788241
2391862213
2392556532
2393698883
2395336416
2396744016
2397128400
2397303946
2397358192
2397726382
2401490305
2402920533
2404643199
2406931395
2408236384
2412952022
2413023707
2413973543
2416431584
2417518314
2417776758
2418214870
2419290865
2424583290
2426695815
2429327252
2437815562
2438840142
2439597406
2444804176
2446394607
2451148428
2451846678
2455438140
2456936325
2458611678
2461251891
2461622261
2461970575
2462734315
2464914089
2464989491
2465804522
2467254728
2468531203
2469905498
2470350994
2471031712
2472296469
2472556091
2473893000
2474270255
2475753109
2478248741
2479770171
2485880781
2487576337
2487716841
2487759643
2487942834
2488665196
2489131907
2490278708
2491247443
2494650472
2496084098
2496132505
2496845027
2497387572
2498036496
2498079859
2498380317
2498765502
2499188119
2502880341
2507083270
2508748985
2508958023
2510030923
2510939974
2511876255
2512737126
2513469196
2517086154
2517684365
2521353382
2524359718
2524479813
2525028313
2525929094
2528968625
2530023051
2530788394
2532941422
2533683308
2537778596
2539607416
2541779653
2541873752
2543502294
2544116968
2545001987
2545306614
2545480606
2546482871
2547086687
2547462395
2548255457
2550386522
2551330423
2551392891
2553001045
2554451163
2554637436
2556929881
2557507930
2563998068
2564120826
2566143413
2567644663
2569605532
2571280835
2574207319
2576872298
2577177792
2580992527
2582806472
2583565073
2587182832
2587751010
2588868208
2591149956
2593452692
2594108872
2594222066
2594870090
2595128324
2596009184
2597533167
2598043232
2599256964
2601591032
2601805212
2603106662
2603702615
2605324325
2607804863
2609683212
2609772745
2610571354
2611941168
2613333624
2616297826
2618656306
2619015202
2619591868
2621911543
2622558482
2622732230
2624957015
2626333450
2627604562
2629089126
2629323478
2630822478
2632287065
2633225742
2634072532
2634721662
2638349830
2638480498
2638580201
2638811621
2640128149
2640756115
2643866275
2645111348
2645139754
2645385426
2645575828
2646733980
2648038706
2648380934
2649003997
2649896062
2653497546
2656031468
2656371330
2662038447
2662810036
2664604636
2667267244
2669238842
2669685268
2669774158
2669964692
2670531810
2671263916
2673951439
2675018787
2675156767
2676023912
2676349981
2676660668
2676785882
2677379925
2677388757
2678773735
2678883856
2679124454
2679677851
2681435943
2685109835
2685911240
2686442400
2692648280
2695185073
2696208947
2696837738
2697348586
2699995001
2704630394
2704767091
2705063003
2705529044
2708397346
2709455188
2709592184
2713501426
2717919525
2718310247
2724636490
2725504608
2725593130
2725675048
2726350296
2727737856
2728468368
2728487155
2729511255
2732035045
2734692396
2735919911
2736041693
2737326800
2737590781
2738082879
2738208174
2739199387
2741374207
2741570186
2744529396
2745264340
2746679046
2747628068
2747711265
2748846870
2748933085
2749346954
2749588885
2751569918
2754444864
2754767561
2755402680
2757321141
2757514960
2760231937
2762574428
2762704479
2765551885
2768046537
2768428461
2769455292
2769581100
2770049406
2771210434
2772370201
2774000241
2774185075
2775849013
2777601088
2778288427
2780037461
2780838026
2783764850
2787918954
2793237975
2794052007
2794239772
2796133529
2798403976
2799806891
2800339981
2801312957
2801572442
2802115731
2802154650
2803023650
2807369839
2809025664
2809414628
2809603276
2812123629
2813952693
2814443496
2814823552
2815797553
2816486010
2816582108
2817353686
2818321197
2819733760
2819908150
2821448376
2827872010
2832509884
2834651553
2838239609
2838999018
2839749943
2843465106
2843588296
2844001245
2845106448
2845412512
2845932632
2846615716
2846744170
2847063125
2847618145
2848006143
2854867758
2856199390
2858519006
2860292422
2860625878
2861309244
2862384275
2863032287
2863440434
2864103008
2865356960
2865561700
2867334528
2868138735
2872367483
2873404449
2875389048
2876653750
2878033561
2879466180
2880607856
2881271353
2881793742
2882212990
2882289085
2882710943
2883921118
2884647302
2885472422
2886567535
2887120180
2888680329
2889904959
2891882805
2892328875
2897368100
2897928981
2898218993
2898526409
2898828264
2900254250
2903447714
2904270056
2906491396
2907363325
2907958233
2908925756
2913605755
2915677279
2915935098
2917434538
2917449234
2918803701
2920509609
2921335071
2922288784
2923053799
2924226365
2925996987
2926804536
2929733619
2929975915
2934942462
2936183704
2938705722
2939239128
2939740311
2940434560
2942774255
2943690462
2943785435
2943866130
2945751953
2951476031
2955929009
2956387336
2956689169
2957876501
2958083611
2958441207
2961553181
2965278044
2965766103
2966184896
2966381027
2971248087
2972021555
2972332886
2972491377
2972504979
2973408788
2973583843
2974241239
2975920248
2977516863
2979845918
2980146458
2980162332
2982064445
2983918974
2985317657
2985507503
2985995316
2986207019
2986663255
2987653866
2988399763
2990989001
2991976834
2992580900
2994945566
2998580579
2999005094
3002128611
3003716808
3003758504
3004341611
3005735417
3009746119
3010755168
3012464643
3012592706
3014469681
3015829301
3018658708
3019022771
3020019925
3022060762
3022344274
3022890074
3023709848
3023951971
3024194614
3026094042
3030752272
3031543827
3034813937
3034880922
3035891547
3040867746
3040887395
3041474665
3042597019
3044687637
3045600516
3047680288
3051836198
3052810811
3053382669
3054773416
3055856300
3055875368
3057115752
3057582186
3058660912
3061721544
3062996420
3065610599
3066099738
3066553734
3066764680
3072309316
3072786853
3072894942
3073623069
3073814813
3075637590
3075775727
3076842384
3077460859
3079330368
3079339755
3079746529
3080041675
3080547256
3081112678
3084257474
3086727652
3089126777
3089785234
3091617599
3092358223
3092813040
3095281478
3095314463
3096413479
3096759793
3097617820
3098173982
3098607209
3098651512
3101576649
3104757808
3106071891
3107410633
3110246049
3110297636
3112455944
3112590192
3114228009
3114667596
3114973393
3116987177
3118667225
3119309770
3119808884
3120683796
3121442368
3122027376
3122779347
3124318954
3126029766
3126137653
3128115436
3128866844
3129415180
3131461561
3132329761
3132349726
3132579592
3135985166
3136540321
3137523823
3141103221
3141487324
3141822719
3143497141
3146095897
3146300942
3155287756
3157651063
3157876339
3158538589
3160014558
3162823125
3165331109
3165383766
3167488629
3170053612
3170109776
3171645583
3173430661
3177650707
3177769327
3179716905
3185369721
3186633180
3189671522
3189701588
3190363142
3191432104
3191453052
3192904541
3195669868
3198823389
3199509051
3201741537
3202115172
3204344621
3204698640
3205535338
3208219406
3212216817
3212559095
3213207735
3213258860
3215147278
3216882224
3220425974
3221302713
3222759513
3226735166
3227518815
3227608011
3228307003
3228852458
3231275624
3231473484
3232034769
3232237971
3232820187
3233639660
3237147428
3242751440
3243245574
3245729938
3248898407
3249464360
3249939984
3256188237
3256736170
3256815561
3257210363
3258748950
3260089107
3260125387
3260398447
3261663343
3263148147
3266233279
3267492442
3267696034
3271695149
3271873260
3274302062
3279727140
3280377986
3285334205
3287944378
3288197157
3288738164
3289796283
3290241440
3290774298
3292160178
3292651412
3293969470
3294895568
3296201272
3299420635
3300185566
3300776421
3303229851
3303745278
3305514482
3307332863
3313153346
3313882931
3314436754
3317478516
3317619655
3317812814
3321770257
3322180916
3322722383
3327602176
3328071196
3329140532
3330513551
3330935100
3332570203
3332929744
3334711513
3337190643
3340495953
3343071280
3345435844
3346931899
3347088710
3348305592
3348535448
3349323143
3349737285
3351872559
3352498231
3353767041
3353839093
3359640463
3361845994
3362426368
3362476702
3362889576
3365507164
3365750782
3366047702
3367778348
3370274859
3371905953
3372283313
3372629406
3372943642
3373812449
3375014024
3375316545
3377249939
3378645510
3380703772
3380723312
3381508737
3381617580
3382469398
3388190075
3388365352
3388443523
3391012211
3391140482
3391255901
3392461709
3393782392
3393877828
3394437786
3394480421
3395109175
3395601742
3397912581
3399490171
3400544542
3401663935
3402210112
3402820161
3402840345
3409497594
3410547300
3410744358
3412294994
3414059323
3415851506
3416675563
3417714572
3418670351
3421990866
3423476553
3423488242
3423830173
3424935663
3427339051
3428160371
3428190340
3428954450
3429573392
3430863018
3435850693
3435961554
3437196344
3437861611
3438093902
3439579551
3440332485
3440679079
3441956310
3441963831
3442886978
3444296408
3449602527
3450102549
3451493318
3452324627
3454502526
3454995107
3455662905
3456100177
3458580587
3458942435
3460988098
3462737667
3463565652
3464066410
3464606346
3464817565
3466303599
3469384365
3470593596
3470748343
3472824400
3473402358
3473925748
3474551448
3478080412
3480583555
3481105659
3481472659
3482553711
3483636150
3485647558
3486244260
3487792414
3489167587
3494314157
3495013573
3495250133
3495836470
3495898830
3496310549
3497799680
3497908977
3498042064
3500811599
3501441978
3501846950
3504519061
3507812455
3508277090
3510616509
3513223660
3516334038
3517404457
3517960528
3520116300
3523487664
3523710907
3523916633
3524598449
3526117470
3528371962
3528737444
3532319681
3533415512
3536509777
3536611667
3537857473
3539139809
3539242553
3540172935
3542150432
3543246666
3545782293
3547937480
3551146470
3551271130
3552067424
3555042288
3557132363
3558868015
3560781739
3562002509
3562883669
3565685590
3566172241
3570270725
3571495919
3572014709
3575852823
3578596192
3580548000
3581599684
3583797156
3584725866
3585663383
3586739780
3586907975
3588579825
3588662999
3589892368
3590640821
3595162873
3596566695
3596874594
3597499294
3597976555
3600474320
3601180440
3602499378
3602783566
3602906553
3604286603
3604701618
3605251375
3605485785
3605497416
3605808370
3614929040
3617019566
3617282486
3617794845
3618277639
3621616681
3622443185
3622894994
3624440490
3628485741
3628577020
3630206391
3630514150
3631273177
3633453622
3635575591
3637135483
3639442355
3641114821
3641672046
3642042005
3645698785
3646499219
3647228091
3648398132
3648818011
3649200217
3652137257
3653166732
3655417562
3655955296
3659535405
3659735178
3660028153
3665048719
3668688055
3670222832
3671017422
3671310482
3673914361
3678464590
3680871607
3683765337
3684008578
3689573067
3691413659
3691675459
3692926783
3693362850
3693526969
3693695174
3696203870
3696811581
3701697890
3702675817
3704197800
3704836452
3706529277
3707358454
3712463507
3718210379
3720659350
3722179378
3722790543
3727054194
3727107181
3727390875
3727981265
3728331852
3728343358
3731337539
3731565893
3732388813
3735707325
3736055721
3736140728
3740396420
3742267435
3742852519
3745745078
3745786005
3746746369
3749446609
3755254674
3756730949
3757505459
3759930166
3763121220
3764562016
3765251186
3766684001
3767245021
3768534228
3769067563
3769479129
3770098282
3774511471
3775188588
3777444414
3777957493
3779780940
3780539070
3780893537
3785479642
3787168641
3787970578
3790027312
3790422625
3790762475
3793200398
3794567503
3797340936
3798615667
3799815069
3801216132
3801878102
3802421411
3807250834
3807884945
3810267976
3810708023
3811832221
3813808088
3817879419
3817927941
3818919675
3820216326
3820366362
3822430714
3823091098
3824586159
3824836121
3824891718
3826187664
3826529910
3830101787
3831169924
3831901071
3832175476
3834056528
3834195544
3839048003
3840516062
3844791576
3847481127
3847502053
3848236880
3850376975
3852706196
3853398860
3853541484
3853669269
3854262065
3854912103
3856638814
3857339253
3857898364
3858605486
3858791331
3860008011
3861207837
3863311370
3865417546
3867216851
3868683767
3869878952
3870153284
3870483282
3871380921
3872970056
3874157716
3876194382
3876601143
3877773418
3878083385
3878100474
3878584392
3878882163
3880819424
3881535541
3885459540
3885488249
3888353438
3888417172
3889149085
3890434819
3890582567
3891967539
3892684180
3892789751
3892887197
3896407748
3896909829
3898018889
3899728790
3903916226
3904876786
3906817591
3908666864
3910283187
3911947905
3913194997
3914362405
3914565913
3914602090
3915128032
3915716223
3919846568
3919982562
3925342578
3926554830
3932023985
3934239581
3937397095
3937901045
3938246748
3940098315
3940844762
3941183210
3942492693
3942693955
3943463018
3943814155
3944689348
3945304183
3946936077
3948435497
3948940440
3950951009
3953186248
3953731626
3954867487
3955119313
3958012622
3958101748
3958404740
3958943548
3959283095
3960322455
3963408291
3963447999
3965526564
3965913269
3966670316
3966859518
3967018673
3967213891
3972817795
3973328840
3975629183
3975955611
3977222548
3980699484
3980918921
3983636634
3985759604
3986883333
3987411659
3987706590
3987866108
3988345022
3990979668
3991488557
3994924749
3997210468
3997466563
3998142411
3998331277
3999628114
3999694557
4000160078
4003141810
4004132140
4005755378
4006015816
4006114248
4007586118
4010958939
4011413253
4013440969
4013944251
4014019960
4014823283
4015845204
4018380621
4018719828
4030318482
4031309726
4031860963
4035675216
4038572264
4039559047
4040123478
4041139017
4045777273
4047429989
4048331695
4048816226
4048956451
4050403746
4051585046
4051915234
4052128262
4052771020
4052990950
4054546631
4056250016
4057380794
4058895198
4060944958
4067965567
4068519477
4068612856
4068927809
4071555724
4071568634
4073250705
4073365636
4074117241
4074997138
4076372563
4077649278
4077836031
4079950024
4080767705
4080956218
4081441063
4081452510
4086867312
4087176145
4088355397
4089595398
4091802483
4091918718
4092880627
4093311785
4093558877
4094580376
4096201815
4096310346
4096458008
4096898969
4097961226
4105551319
4107448850
4112512983
4114444695
4114494713
4114724209
4115799924
4116409734
4118250509
4120017149
4123724207
4125184223
4127424072
4129097501
4133686905
4135575913
4136082862
4137213378
4137577321
4139343349
4140292681
4144084222
4144571009
4146126960
4146850649
4147461675
4148871815
4153802968
4154516623
4155530494
4158120260
4158891121
4160544651
4166311608
4166344451
4169848851
4170865214
4175932633
4176096485
4177133755
4178039313
4178044885
4183595806
4184687508
4184781957
4185965334
4187429993
4187599321
4188066771
4189786207
4189823665
4190054883
4191765026
4192221051
4193226535
4196724449
4200295993
4200561676
4203791278
4204815135
4206942027
4207436486
4207789119
4208748953
4210322366
4210322930
4211931496
4212852361
4213543626
4216983100
4217165328
4217530465
4217881686
4217984200
4218409280
4218965413
4219931334
4221045693
4223834132
4226993295
4227370224
4227947077
4230665175
4230758015
4231664738
4234546114
4235192738
4235905703
4237906277
4239756178
4240146985
4241692068
4241883993
4242770027
4242795336
4242996009
4247142337
4247364798
4247867018
4248180486
4249355820
4249447862
4250318439
4250611333
4253385479
4256157472
4263338103
4264297792
4265584003
4265799685
4265806140
4265963942
4266076381
4266093124
4269937127
4273543493
4274441346
4275257556
4276334765
4276853643
4278887745
4280102717
4280121557
4284011947
4285397040
4287813778
4288867375
4289786058
4291187821
4291406483
4291772187
4291998568
? size samples/sets/03_random_a.txt
SIZE|n=3000|runs=3000|payload=12651|bytes=12691|crc32=3db70712|bound=30040
? size samples/sets/03_random_b.txt
SIZE|n=3000|runs=3000|payload=11896|bytes=11936|crc32=c8f27851|bound=30040
